uid,domainID,siteID,namedLocation,collectDate,identifiedDate,sampleID,sampleCode,slideID,acceptedTaxonID,targetTaxaPresent,scientificName,morphospeciesID,taxonRank,phylum,subphylum,class,subclass,infraclass,superorder,order,suborder,infraorder,superfamily,family,subfamily,tribe,subtribe,genus,specificEpithet,infraspecificEpithet,invertebrateLifeStage,sizeClass,sizeCategory,individualCount,subsamplePercent,estimatedTotalCount,immatureSpecimen,indeterminateSpecies,taxonRankQualifier,sampleCondition,distinctTaxon,identificationQualifier,identificationReferences,qcChecked,laboratoryName,identifiedBy,identificationRemarks,identificationHistoryID,dataQF
"52bbcd7b-a70c-4603-a1f5-b46e3a5c2d23","D04","CUPE","CUPE.AOS.reach","2019-06-18T11:23Z","2019-09-19","CUPE.20190618.SURBER.7","A00000113313",,"LEPSP","Y","Lepidoptera sp.",,"order","Arthropoda","Hexapoda","Insecta","Pterygota","Neoptera","Holometabola","Lepidoptera",,,,,,,,,"sp.",,"larva",1,,3,100,3,"Y","N",,"condition OK","N",,"Merritt and Cummins 2008","N","EcoAnalysts Inc.","K. Guild",,,
"ad71c6ff-caad-4cc0-bd4c-17d30aa22589","D04","CUPE","CUPE.AOS.reach","2019-06-18T11:23Z","2019-09-19","CUPE.20190618.SURBER.4","A00000113314",,"CARSP14","Y","Cariboptila sp.",,"genus","Arthropoda","Hexapoda","Insecta","Pterygota","Neoptera","Holometabola","Trichoptera",,,"Glossosomatoidea","Glossosomatidae","Protoptilinae",,,"Cariboptila","sp.",,"larva",1,,1,88,1,"N","N",,"damaged, affecting measurement","Y",,"Wiggins 1996","N","EcoAnalysts Inc.","K. Guild","Fragment measured",,
"a78fa87d-5597-4088-8f68-76e9a912a8e9","D04","CUPE","CUPE.AOS.reach","2019-06-18T11:23Z","2019-09-19","CUPE.20190618.SURBER.8","A00000113319",,"LIBSP","Y","Libellulidae sp.",,"family","Arthropoda","Hexapoda","Insecta","Pterygota","Palaeoptera",,"Odonata","Anisoptera",,,"Libellulidae",,,,,"sp.",,"larva",2,,2,75,3,"N","N",,"condition OK","Y",,"Needham, Westfall and May 2000","N","EcoAnalysts Inc.","K. Guild",,,
"34a00e06-0f97-466a-8408-9e31baa6b58a","D04","CUPE","CUPE.AOS.reach","2019-06-18T11:23Z","2019-09-19","CUPE.20190618.SURBER.7","A00000113313",,"FARSP","Y","Farrodes sp.",,"genus","Arthropoda","Hexapoda","Insecta","Pterygota","Palaeoptera",,"Ephemeroptera","Furcatergalia","Lanceolata",,"Leptophlebiidae",,,,"Farrodes","sp.",,"larva",3,,9,100,9,"N","N",,"condition OK","Y",,"Merritt and Cummins 2008","N","EcoAnalysts Inc.","K. Guild",,,
"271019c6-757d-40fa-9018-97fbcfeb42d6","D04","CUPE","CUPE.AOS.reach","2019-06-18T11:23Z","2019-09-19","CUPE.20190618.SURBER.7","A00000113313",,"CORSP19","Y","Corynoneura sp.",,"genus","Arthropoda","Hexapoda","Insecta","Pterygota","Neoptera","Holometabola","Diptera","Nematocera","Culicomorpha",,"Chironomidae","Orthocladiinae",,,"Corynoneura","sp.",,"pupa",2,,3,100,3,"N","N",,"condition OK","Y",,"Epler 2001","N","EcoAnalysts Inc.","W. Hoiland",,,
"0c0ff190-6e5d-4e6c-9881-d7089dd47dda","D04","CUPE","CUPE.AOS.reach","2019-06-18T11:23Z","2019-09-19","CUPE.20190618.SURBER.1","A00000113316",,"PENSP7","Y","Pentaneura sp.",,"genus","Arthropoda","Hexapoda","Insecta","Pterygota","Neoptera","Holometabola","Diptera","Nematocera","Culicomorpha",,"Chironomidae","Tanypodinae","Pentaneurini",,"Pentaneura","sp.",,"larva",3,,2,35,6,"N","N",,"condition OK","Y",,"Epler 2001, and Maschwitz and Cook 2000","Y","EcoAnalysts Inc.","W. Hoiland",,,
"d65a56c5-272e-4f07-af48-5f1e7a419b47","D04","CUPE","CUPE.AOS.reach","2019-06-18T11:23Z","2019-09-19","CUPE.20190618.SURBER.5","A00000113318",,"CLOSP1","Y","Cloeodes sp.",,"genus","Arthropoda","Hexapoda","Insecta","Pterygota","Palaeoptera",,"Ephemeroptera","Pisciforma",,,"Baetidae",,,,"Cloeodes","sp.",,"larva",3,,1,75,1,"N","N",,"condition OK","Y",,"Merritt and Cummins 2008","N","EcoAnalysts Inc.","K. Guild",,,
"3ad167e6-c15b-4590-ad20-6f90a39c8178","D04","CUPE","CUPE.AOS.reach","2019-06-18T11:23Z","2019-09-19","CUPE.20190618.SURBER.4","A00000113314",,"FARSP","Y","Farrodes sp.",,"genus","Arthropoda","Hexapoda","Insecta","Pterygota","Palaeoptera",,"Ephemeroptera","Furcatergalia","Lanceolata",,"Leptophlebiidae",,,,"Farrodes","sp.",,"larva",4,,1,88,1,"N","N",,"condition OK","Y",,"Merritt and Cummins 2008","N","EcoAnalysts Inc.","K. Guild",,,
"32854b5d-0bb6-4ef7-b6fc-c3e5a70f643b","D04","CUPE","CUPE.AOS.reach","2019-06-18T11:23Z","2019-09-19","CUPE.20190618.SURBER.3","A00000113312",,"HEXSP4","Y","Hexacylloepus sp.",,"genus","Arthropoda","Hexapoda","Insecta","Pterygota","Neoptera","Holometabola","Coleoptera","Polyphaga","Elateriformia","Byrrhoidea","Elmidae","Elminae","Elmini",,"Hexacylloepus","sp.",,"adult",2,,1,38,3,"N","N",,"condition OK","Y",,"Brown and White 1978","N","EcoAnalysts Inc.","K. Guild",,,
"b088cf12-37e8-496e-ab9e-2d16161c958f","D04","CUPE","CUPE.AOS.reach","2019-06-18T11:23Z","2019-09-19","CUPE.20190618.SURBER.2","A00000113317",,"HEXSP4","Y","Hexacylloepus sp.",,"genus","Arthropoda","Hexapoda","Insecta","Pterygota","Neoptera","Holometabola","Coleoptera","Polyphaga","Elateriformia","Byrrhoidea","Elmidae","Elminae","Elmini",,"Hexacylloepus","sp.",,"larva",2,,2,59,3,"N","N",,"condition OK","Y",,"Brown and White 1978","N","EcoAnalysts Inc.","K. Guild",,,
"d1c2d668-9622-4901-bfb7-fb7127b42f76","D04","CUPE","CUPE.AOS.reach","2019-06-18T11:23Z","2019-09-19","CUPE.20190618.SURBER.6","A00000113315",,"NEOIRI","Y","Neotrichia iridescens",,"species","Arthropoda","Hexapoda","Insecta","Pterygota","Neoptera","Holometabola","Trichoptera",,,"Hydroptiloidea","Hydroptilidae","Hydroptilinae","Neotrichiini",,"Neotrichia","iridescens",,"larva",1,,1,100,1,"N","N",,"condition OK","Y",,"Flint 1964","N","EcoAnalysts Inc.","K. Guild",,,
"446dbc20-654e-4f44-a4eb-2cac735a1672","D04","CUPE","CUPE.AOS.reach","2019-06-18T11:23Z","2019-09-19","CUPE.20190618.SURBER.1","A00000113316",,"PETSP4","Y","Petrophila sp.",,"genus","Arthropoda","Hexapoda","Insecta","Pterygota","Neoptera","Holometabola","Lepidoptera",,,"Pyraloidea","Crambidae","Nymphulinae","Argyractini",,"Petrophila","sp.",,"larva",4,,6,35,17,"N","N",,"condition OK","Y",,"Merritt and Cummins 2008","Y","EcoAnalysts Inc.","K. Guild",,,
"64d7bf12-78a5-4801-a0f0-a3fe7446bb73","D04","CUPE","CUPE.AOS.reach","2019-06-18T11:23Z","2019-09-19","CUPE.20190618.SURBER.4","A00000113314",,"HEXSP4","Y","Hexacylloepus sp.",,"genus","Arthropoda","Hexapoda","Insecta","Pterygota","Neoptera","Holometabola","Coleoptera","Polyphaga","Elateriformia","Byrrhoidea","Elmidae","Elminae","Elmini",,"Hexacylloepus","sp.",,"larva",1,,13,88,15,"N","N",,"condition OK","Y",,"Brown and White 1978","N","EcoAnalysts Inc.","K. Guild",,,
"1e9f1bc0-8e3d-48ec-b948-03b9c2253ae6","D04","CUPE","CUPE.AOS.reach","2019-06-18T11:23Z","2019-09-19","CUPE.20190618.SURBER.1","A00000113316",,"HEXSP4","Y","Hexacylloepus sp.",,"genus","Arthropoda","Hexapoda","Insecta","Pterygota","Neoptera","Holometabola","Coleoptera","Polyphaga","Elateriformia","Byrrhoidea","Elmidae","Elminae","Elmini",,"Hexacylloepus","sp.",,"adult",2,,4,35,11,"N","N",,"condition OK","Y",,"Brown and White 1978","Y","EcoAnalysts Inc.","K. Guild",,,
"a050b1bd-222a-4d0f-9e26-adf01db9a682","D04","CUPE","CUPE.AOS.reach","2019-06-18T11:23Z","2019-09-19","CUPE.20190618.SURBER.5","A00000113318",,"HELSP7","Y","Helicopsyche sp.",,"genus","Arthropoda","Hexapoda","Insecta","Pterygota","Neoptera","Holometabola","Trichoptera",,,"Sericostomatoidea","Helicopsychidae",,,,"Helicopsyche","sp.",,"larva",1,,4,75,5,"N","N",,"condition OK","Y",,"Wiggins 1996","N","EcoAnalysts Inc.","K. Guild",,,
"e00dbfa9-4e98-4003-983f-55b4ca849d14","D04","CUPE","CUPE.AOS.reach","2019-06-18T11:23Z","2019-09-19","CUPE.20190618.SURBER.2","A00000113317",,"PETSP4","Y","Petrophila sp.",,"genus","Arthropoda","Hexapoda","Insecta","Pterygota","Neoptera","Holometabola","Lepidoptera",,,"Pyraloidea","Crambidae","Nymphulinae","Argyractini",,"Petrophila","sp.",,"larva",4,,6,59,10,"N","N",,"condition OK","Y",,"Merritt and Cummins 2008","N","EcoAnalysts Inc.","K. Guild",,,
"58bdb8a3-9660-4525-957d-e683a092eb12","D04","CUPE","CUPE.AOS.reach","2019-06-18T11:23Z","2019-09-19","CUPE.20190618.SURBER.6","A00000113315",,"ANTTUB","Y","Antillopsyche tubicola",,"species","Arthropoda","Hexapoda","Insecta","Pterygota","Neoptera","Holometabola","Trichoptera",,,"Hydropsychoidea","Polycentropodidae","Polycentropodinae",,,"Antillopsyche","tubicola",,"larva",1,,3,100,3,"N","N",,"condition OK","Y",,"Wiggins 1996","N","EcoAnalysts Inc.","K. Guild",,,
"56db8d51-0528-4cf3-b0b1-fef84f77c54d","D04","CUPE","CUPE.AOS.reach","2019-06-18T11:23Z","2019-09-19","CUPE.20190618.SURBER.1","A00000113316",,"HEXSP4","Y","Hexacylloepus sp.",,"genus","Arthropoda","Hexapoda","Insecta","Pterygota","Neoptera","Holometabola","Coleoptera","Polyphaga","Elateriformia","Byrrhoidea","Elmidae","Elminae","Elmini",,"Hexacylloepus","sp.",,"larva",3,,8,35,23,"N","N",,"condition OK","Y",,"Brown and White 1978","Y","EcoAnalysts Inc.","K. Guild",,,
"dd9bec51-c3c6-487d-95f4-7a9a7abfbfcf","D04","CUPE","CUPE.AOS.reach","2019-06-18T11:23Z","2019-09-19","CUPE.20190618.SURBER.7","A00000113313",,"PETSP4","Y","Petrophila sp.",,"genus","Arthropoda","Hexapoda","Insecta","Pterygota","Neoptera","Holometabola","Lepidoptera",,,"Pyraloidea","Crambidae","Nymphulinae","Argyractini",,"Petrophila","sp.",,"larva",1,,2,100,2,"N","N",,"condition OK","Y",,"Merritt and Cummins 2008","N","EcoAnalysts Inc.","K. Guild",,,
"b51a19ba-dddb-4c3d-8074-b8abcc253681","D04","CUPE","CUPE.AOS.reach","2019-06-18T11:23Z","2019-09-19","CUPE.20190618.SURBER.3","A00000113312",,"FARSP","Y","Farrodes sp.",,"genus","Arthropoda","Hexapoda","Insecta","Pterygota","Palaeoptera",,"Ephemeroptera","Furcatergalia","Lanceolata",,"Leptophlebiidae",,,,"Farrodes","sp.",,"larva",4,,9,38,24,"N","N",,"condition OK","Y",,"Merritt and Cummins 2008","N","EcoAnalysts Inc.","K. Guild",,,
"92ad3e54-8650-4633-8ac0-70e8e7b04b80","D04","CUPE","CUPE.AOS.reach","2019-06-18T11:23Z","2019-09-19","CUPE.20190618.SURBER.1","A00000113316","CUPE.20190618.SURBER.1_ORTHOCLADIINAE SP.","CRISP2","Y","Cricotopus sp.",,"genus","Arthropoda","Hexapoda","Insecta","Pterygota","Neoptera","Holometabola","Diptera","Nematocera","Culicomorpha",,"Chironomidae","Orthocladiinae",,,"Cricotopus","sp.",,"larva",3,,45,35,128,"N","N",,"condition OK","Y",,"Epler 2001, and Maschwitz and Cook 2000","Y","EcoAnalysts Inc.","W. Hoiland",,,
"f8023657-0f07-4783-b2cd-20016f99b507","D04","CUPE","CUPE.AOS.reach","2019-06-18T11:23Z","2019-09-19","CUPE.20190618.SURBER.7","A00000113313",,"LEPSP4","Y","Leptophlebiidae sp.",,"family","Arthropoda","Hexapoda","Insecta","Pterygota","Palaeoptera",,"Ephemeroptera","Furcatergalia","Lanceolata",,"Leptophlebiidae",,,,,"sp.",,"larva",2,,32,100,32,"Y","N",,"damaged, affecting taxonomy","N",,"Merritt and Cummins 2008","N","EcoAnalysts Inc.","K. Guild",,,
"cb670b33-7a1f-4c78-950e-a6a82e168b08","D04","CUPE","CUPE.AOS.reach","2019-06-18T11:23Z","2019-09-19","CUPE.20190618.SURBER.8","A00000113319",,"NEOSP27","Y","Neoelmis sp.",,"genus","Arthropoda","Hexapoda","Insecta","Pterygota","Neoptera","Holometabola","Coleoptera","Polyphaga","Elateriformia","Byrrhoidea","Elmidae","Elminae","Elmini",,"Neoelmis","sp.",,"larva",4,,1,75,1,"N","N",,"condition OK","Y",,"Brown and White 1978","N","EcoAnalysts Inc.","K. Guild",,,
"44d631c5-940d-4935-be0e-6fbbe710b7ed","D04","CUPE","CUPE.AOS.reach","2019-06-18T11:23Z","2019-09-19","CUPE.20190618.SURBER.3","A00000113312",,"HEXSP4","Y","Hexacylloepus sp.",,"genus","Arthropoda","Hexapoda","Insecta","Pterygota","Neoptera","Holometabola","Coleoptera","Polyphaga","Elateriformia","Byrrhoidea","Elmidae","Elminae","Elmini",,"Hexacylloepus","sp.",,"larva",3,,9,38,24,"N","N",,"condition OK","Y",,"Brown and White 1978","N","EcoAnalysts Inc.","K. Guild",,,
"10cdca46-bded-44f0-9b5e-f763bf636909","D04","CUPE","CUPE.AOS.reach","2019-06-18T11:23Z","2019-09-19","CUPE.20190618.SURBER.1","A00000113316",,"LEPSP","Y","Lepidoptera sp.",,"order","Arthropoda","Hexapoda","Insecta","Pterygota","Neoptera","Holometabola","Lepidoptera",,,,,,,,,"sp.",,"larva",2,,1,35,3,"Y","N",,"condition OK","N",,"Merritt and Cummins 2008","Y","EcoAnalysts Inc.","K. Guild",,,
"e009a94c-1f56-4de9-9dc5-1b991868e900","D04","CUPE","CUPE.AOS.reach","2019-06-18T11:23Z","2019-09-19","CUPE.20190618.SURBER.5","A00000113318",,"STESP8","Y","Stenochironomus sp.",,"genus","Arthropoda","Hexapoda","Insecta","Pterygota","Neoptera","Holometabola","Diptera","Nematocera","Culicomorpha",,"Chironomidae","Chironominae","Chironomini",,"Stenochironomus","sp.",,"larva",1,,2,75,3,"N","N",,"damaged, affecting measurement","Y",,"Epler 2001","N","EcoAnalysts Inc.","K. Guild","Fragment measured",,
"e1a34837-96a0-40a1-8ad3-f3daacb18587","D04","CUPE","CUPE.AOS.reach","2019-06-18T11:23Z","2019-09-19","CUPE.20190618.SURBER.7","A00000113313",,"TANSP11","Y","Tanytarsus sp.",,"genus","Arthropoda","Hexapoda","Insecta","Pterygota","Neoptera","Holometabola","Diptera","Nematocera","Culicomorpha",,"Chironomidae","Chironominae","Tanytarsini",,"Tanytarsus","sp.",,"larva",2,,1,100,1,"N","N",,"condition OK","Y",,"Epler 2001","N","EcoAnalysts Inc.","W. Hoiland",,,
"b2fb9314-0da8-45dc-8365-151bce55bcc8","D04","CUPE","CUPE.AOS.reach","2019-06-18T11:23Z","2019-09-19","CUPE.20190618.SURBER.5","A00000113318",,"RHASP5","Y","Rhagovelia sp.",,"genus","Arthropoda","Hexapoda","Insecta","Pterygota","Neoptera","Paraneoptera","Hemiptera","Heteroptera","Gerromorpha","Gerroidea","Veliidae","Rhagoveliinae",,,"Rhagovelia","sp.",,"adult",2,,1,75,1,"N","N",,"condition OK","Y",,"Merritt and Cummins 2008","N","EcoAnalysts Inc.","K. Guild","rc",,
"1dbfe6ed-5cf4-45ad-8f1b-f25d0f1ecadc","D04","CUPE","CUPE.AOS.reach","2019-06-18T11:23Z","2019-09-19","CUPE.20190618.SURBER.2","A00000113317",,"EPISIN","Y","Epilobocera sinuatifrons",,"species","Arthropoda","Crustacea","Malacostraca","Eumalacostraca",,"Eucarida","Decapoda","Pleocyemata","Brachyura","Pseudothelphusoidea","Pseudothelphusidae",,,,"Epilobocera","sinuatifrons",,"none",6,,2,59,3,"N","N",,"condition OK","Y",,"EPA Identification Manual #9","N","EcoAnalysts Inc.","K. Guild",,,
"e0e34bfe-0d1a-461d-9053-d1b9a2c32ff1","D04","CUPE","CUPE.AOS.reach","2019-06-18T11:23Z","2019-09-19","CUPE.20190618.SURBER.8","A00000113319",,"TANSP8","Y","Tanytarsini sp.",,"tribe","Arthropoda","Hexapoda","Insecta","Pterygota","Neoptera","Holometabola","Diptera","Nematocera","Culicomorpha",,"Chironomidae","Chironominae","Tanytarsini",,,"sp.",,"pupa",2,,2,75,3,"N","N",,"condition OK","Y",,"Epler 2001","N","EcoAnalysts Inc.","W. Hoiland",,,
"f6319c85-6402-40bd-88ff-8e2975ee3fe0","D04","CUPE","CUPE.AOS.reach","2019-06-18T11:23Z","2019-09-19","CUPE.20190618.SURBER.2","A00000113317",,"ATOTRI","Y","Atopsyche trifida",,"species","Arthropoda","Hexapoda","Insecta","Pterygota","Neoptera","Holometabola","Trichoptera",,,"Rhyacophiloidea","Hydrobiosidae","Hydrobiosinae","Hydrobiosini",,"Atopsyche","trifida",,"larva",2,,1,59,2,"N","N",,"condition OK","Y",,"Wiggins 1996","N","EcoAnalysts Inc.","K. Guild",,,
"5af7f71a-a4af-4973-9509-f71ce352c93a","D04","CUPE","CUPE.AOS.reach","2019-06-18T11:23Z","2019-09-19","CUPE.20190618.SURBER.2","A00000113317",,"EMPSP","Y","Empididae sp.",,"family","Arthropoda","Hexapoda","Insecta","Pterygota","Neoptera","Holometabola","Diptera","Brachycera","Muscomorpha",,"Empididae",,,,,"sp.",,"larva",1,,2,59,3,"N","N",,"condition OK","Y",,"Merritt and Cummins 2008","N","EcoAnalysts Inc.","K. Guild",,,
"0cff80b6-363d-47fd-8a07-8f9b0bb19620","D04","CUPE","CUPE.AOS.reach","2019-06-18T11:23Z","2019-09-19","CUPE.20190618.SURBER.6","A00000113315",,"BAESP","Y","Baetidae sp.",,"family","Arthropoda","Hexapoda","Insecta","Pterygota","Palaeoptera",,"Ephemeroptera","Pisciforma",,,"Baetidae",,,,,"sp.",,"larva",1,,1,100,1,"Y","N",,"condition OK","N",,"Merritt and Cummins 2008","N","EcoAnalysts Inc.","K. Guild",,,
"f6ef8450-c581-4d54-8ba0-c0fa4b9257ba","D04","CUPE","CUPE.AOS.reach","2019-06-18T11:23Z","2019-09-19","CUPE.20190618.SURBER.1","A00000113316","CUPE.20190618.SURBER.1_ORTHOCLADIINAE SP.","CRISP2","Y","Cricotopus sp.",,"genus","Arthropoda","Hexapoda","Insecta","Pterygota","Neoptera","Holometabola","Diptera","Nematocera","Culicomorpha",,"Chironomidae","Orthocladiinae",,,"Cricotopus","sp.",,"larva",2,,2,35,6,"N","N",,"damaged, affecting measurement","Y",,"Epler 2001, and Maschwitz and Cook 2000","Y","EcoAnalysts Inc.","W. Hoiland","Fragment measured",,
"e03e195a-bea9-47d2-8b45-7d6594597691","D04","CUPE","CUPE.AOS.reach","2019-06-18T11:23Z","2019-09-19","CUPE.20190618.SURBER.3","A00000113312",,"HAGSP3","Y","Hagenulopsis sp.",,"genus","Arthropoda","Hexapoda","Insecta","Pterygota","Palaeoptera",,"Ephemeroptera","Furcatergalia","Lanceolata",,"Leptophlebiidae",,,,"Hagenulopsis","sp.",,"larva",2,,1,38,3,"N","N",,"condition OK","Y",,"Peters,1971","N","EcoAnalysts Inc.","K. Guild",,,
"406a7d46-c0ec-434f-a8dd-1f114cf84f1c","D04","CUPE","CUPE.AOS.reach","2019-06-18T11:23Z","2019-09-19","CUPE.20190618.SURBER.7","A00000113313",,"ORTSP1","Y","Orthocladiinae sp.",,"subfamily","Arthropoda","Hexapoda","Insecta","Pterygota","Neoptera","Holometabola","Diptera","Nematocera","Culicomorpha",,"Chironomidae","Orthocladiinae",,,,"sp.",,"larva",2,,1,100,1,"N","N",,"condition OK","Y",,"Epler 2001","N","EcoAnalysts Inc.","W. Hoiland",,,
"de75e338-599b-4c1f-ba97-08154a8c8b37","D04","CUPE","CUPE.AOS.reach","2019-06-18T11:23Z","2019-09-19","CUPE.20190618.SURBER.8","A00000113319",,"ZYGSP1","Y","Zygoptera sp.",,"suborder","Arthropoda","Hexapoda","Insecta","Pterygota","Palaeoptera",,"Odonata","Zygoptera",,,,,,,,"sp.",,"larva",1,,1,75,1,"Y","N",,"damaged, affecting measurement","N",,"Needham, Westfall and May 2000","N","EcoAnalysts Inc.","K. Guild","Fragment measured",,
"d94936fd-7192-47b0-b417-6008cd80b3b9","D04","CUPE","CUPE.AOS.reach","2019-06-18T11:23Z","2019-09-19","CUPE.20190618.SURBER.7","A00000113313",,"PARPOR","Y","Paracloeodes portoricensis",,"species","Arthropoda","Hexapoda","Insecta","Pterygota","Palaeoptera",,"Ephemeroptera","Pisciforma",,,"Baetidae",,,,"Paracloeodes","portoricensis",,"larva",3,,3,100,3,"N","N",,"condition OK","Y",,"Travers,1938","N","EcoAnalysts Inc.","K. Guild",,,
"54d27753-642b-4bae-8c62-ee8ea0a29363","D04","CUPE","CUPE.AOS.reach","2019-06-18T11:23Z","2019-09-19","CUPE.20190618.SURBER.8","A00000113319",,"POLZAN","Y","Polycentropus zaneta",,"species","Arthropoda","Hexapoda","Insecta","Pterygota","Neoptera","Holometabola","Trichoptera",,,"Hydropsychoidea","Polycentropodidae","Polycentropodinae",,,"Polycentropus","zaneta",,"larva",5,,1,75,1,"N","N",,"condition OK","Y",,"DG Denning 1948","N","EcoAnalysts Inc.","K. Guild",,,
"d902eda4-de05-4192-b7c6-4039ff246f03","D04","CUPE","CUPE.AOS.reach","2019-06-18T11:23Z","2019-09-19","CUPE.20190618.SURBER.5","A00000113318",,"RHESP2","Y","Rheotanytarsus sp.",,"genus","Arthropoda","Hexapoda","Insecta","Pterygota","Neoptera","Holometabola","Diptera","Nematocera","Culicomorpha",,"Chironomidae","Chironominae","Tanytarsini",,"Rheotanytarsus","sp.",,"larva",2,,4,75,5,"N","N",,"condition OK","Y",,"Epler 2001, and Maschwitz and Cook 2000","N","EcoAnalysts Inc.","W. Hoiland",,,
"8728aed8-4118-43f6-a6ed-3c008ba0d780","D04","CUPE","CUPE.AOS.reach","2019-06-18T11:23Z","2019-09-19","CUPE.20190618.SURBER.4","A00000113314",,"ALISP","Y","Alisotrichia sp.",,"genus","Arthropoda","Hexapoda","Insecta","Pterygota","Neoptera","Holometabola","Trichoptera",,,"Hydroptiloidea","Hydroptilidae","Hydroptilinae","Leucotrichiini",,"Alisotrichia","sp.",,"larva",1,,2,88,2,"N","N",,"condition OK","Y",,"Wiggins 1996","N","EcoAnalysts Inc.","K. Guild",,,
"4b6c1cba-4bf5-4f1a-9f09-17c7a2209fe0","D04","CUPE","CUPE.AOS.reach","2019-06-18T11:23Z","2019-09-19","CUPE.20190618.SURBER.3","A00000113312",,"STESP8","Y","Stenochironomus sp.",,"genus","Arthropoda","Hexapoda","Insecta","Pterygota","Neoptera","Holometabola","Diptera","Nematocera","Culicomorpha",,"Chironomidae","Chironominae","Chironomini",,"Stenochironomus","sp.",,"larva",3,,1,38,3,"N","N",,"condition OK","Y",,"Epler 2001","N","EcoAnalysts Inc.","K. Guild",,,
"fde531cf-8f9f-45f4-b068-8b2bae08b93d","D04","CUPE","CUPE.AOS.reach","2019-06-18T11:23Z","2019-09-19","CUPE.20190618.SURBER.4","A00000113314",,"PARPOR","Y","Paracloeodes portoricensis",,"species","Arthropoda","Hexapoda","Insecta","Pterygota","Palaeoptera",,"Ephemeroptera","Pisciforma",,,"Baetidae",,,,"Paracloeodes","portoricensis",,"larva",1,,2,88,2,"N","N",,"condition OK","Y",,"Travers,1938","N","EcoAnalysts Inc.","K. Guild",,,
"22a24da3-c985-4b32-aad8-80614aa6b1c7","D04","CUPE","CUPE.AOS.reach","2019-06-18T11:23Z","2019-09-19","CUPE.20190618.SURBER.3","A00000113312",,"LARSP","Y","Larsia sp.",,"genus","Arthropoda","Hexapoda","Insecta","Pterygota","Neoptera","Holometabola","Diptera","Nematocera","Culicomorpha",,"Chironomidae","Tanypodinae","Pentaneurini",,"Larsia","sp.",,"larva",2,,5,38,13,"N","N",,"condition OK","Y",,"Epler 2001","N","EcoAnalysts Inc.","W. Hoiland",,,
"d921503d-ba2d-483f-bd7e-714f1ed8faf8","D04","CUPE","CUPE.AOS.reach","2019-06-18T11:23Z","2019-09-19","CUPE.20190618.SURBER.6","A00000113315",,"PARPOR","Y","Paracloeodes portoricensis",,"species","Arthropoda","Hexapoda","Insecta","Pterygota","Palaeoptera",,"Ephemeroptera","Pisciforma",,,"Baetidae",,,,"Paracloeodes","portoricensis",,"larva",2,,1,100,1,"N","N",,"condition OK","Y",,"Travers,1938","N","EcoAnalysts Inc.","K. Guild",,,
"147c2b41-c6e1-4a0a-9437-67276346ba36","D04","CUPE","CUPE.AOS.reach","2019-06-18T11:23Z","2019-09-19","CUPE.20190618.SURBER.5","A00000113318",,"STESP8","Y","Stenochironomus sp.",,"genus","Arthropoda","Hexapoda","Insecta","Pterygota","Neoptera","Holometabola","Diptera","Nematocera","Culicomorpha",,"Chironomidae","Chironominae","Chironomini",,"Stenochironomus","sp.",,"larva",6,,2,75,3,"N","N",,"condition OK","Y",,"Epler 2001","N","EcoAnalysts Inc.","K. Guild",,,
"127d75ff-3043-4513-a9cb-96ec90bb2616","D04","CUPE","CUPE.AOS.reach","2019-06-18T11:23Z","2019-09-19","CUPE.20190618.SURBER.3","A00000113312",,"LEPSP4","Y","Leptophlebiidae sp.",,"family","Arthropoda","Hexapoda","Insecta","Pterygota","Palaeoptera",,"Ephemeroptera","Furcatergalia","Lanceolata",,"Leptophlebiidae",,,,,"sp.",,"larva",2,,5,38,13,"Y","N",,"damaged, affecting measurement","N",,"Merritt and Cummins 2008","N","EcoAnalysts Inc.","K. Guild","Fragment measured",,
"abe1d31b-449e-4213-9b28-481469559a85","D04","CUPE","CUPE.AOS.reach","2019-06-18T11:23Z","2019-09-19","CUPE.20190618.SURBER.5","A00000113318",,"TANSP11","Y","Tanytarsus sp.",,"genus","Arthropoda","Hexapoda","Insecta","Pterygota","Neoptera","Holometabola","Diptera","Nematocera","Culicomorpha",,"Chironomidae","Chironominae","Tanytarsini",,"Tanytarsus","sp.",,"larva",3,,67,75,89,"N","N",,"condition OK","Y",,"Epler 2001","N","EcoAnalysts Inc.","W. Hoiland",,,
"ef72c4ee-dd77-4268-a2c0-c0bfaa956f59","D04","CUPE","CUPE.AOS.reach","2019-06-18T11:23Z","2019-09-19","CUPE.20190618.SURBER.6","A00000113315",,"GLOSP1","Y","Glossosomatidae sp.",,"family","Arthropoda","Hexapoda","Insecta","Pterygota","Neoptera","Holometabola","Trichoptera",,,"Glossosomatoidea","Glossosomatidae",,,,,"sp.",,"pupa",2,,2,100,2,"N","N",,"condition OK","Y",,"Wiggins 1996","N","EcoAnalysts Inc.","K. Guild",,,
"7599e33c-9215-4df4-a046-ab70508ab77c","D04","CUPE","CUPE.AOS.reach","2019-06-18T11:23Z","2019-09-19","CUPE.20190618.SURBER.1","A00000113316",,"PETSP4","Y","Petrophila sp.",,"genus","Arthropoda","Hexapoda","Insecta","Pterygota","Neoptera","Holometabola","Lepidoptera",,,"Pyraloidea","Crambidae","Nymphulinae","Argyractini",,"Petrophila","sp.",,"larva",1,,12,35,34,"N","N",,"condition OK","Y",,"Merritt and Cummins 2008","Y","EcoAnalysts Inc.","K. Guild",,,
"20482c8e-a45a-46c6-9b6b-08bb7c3b8c5b","D04","CUPE","CUPE.AOS.reach","2019-06-18T11:23Z","2019-09-19","CUPE.20190618.SURBER.8","A00000113319",,"LEPSP4","Y","Leptophlebiidae sp.",,"family","Arthropoda","Hexapoda","Insecta","Pterygota","Palaeoptera",,"Ephemeroptera","Furcatergalia","Lanceolata",,"Leptophlebiidae",,,,,"sp.",,"larva",2,,22,75,29,"Y","N",,"damaged, affecting taxonomy","N",,"Merritt and Cummins 2008","N","EcoAnalysts Inc.","K. Guild",,,
"5062eca5-2411-4f47-90c6-69db5d2c253a","D04","CUPE","CUPE.AOS.reach","2019-06-18T11:23Z","2019-09-19","CUPE.20190618.SURBER.6","A00000113315",,"HELSP7","Y","Helicopsyche sp.",,"genus","Arthropoda","Hexapoda","Insecta","Pterygota","Neoptera","Holometabola","Trichoptera",,,"Sericostomatoidea","Helicopsychidae",,,,"Helicopsyche","sp.",,"larva",1,,39,100,39,"N","N",,"condition OK","Y",,"Wiggins 1996","N","EcoAnalysts Inc.","K. Guild",,,
"a8460f0a-7383-46fd-9da1-b3db7d18fc82","D04","CUPE","CUPE.AOS.reach","2019-06-18T11:23Z","2019-09-19","CUPE.20190618.SURBER.5","A00000113318",,"LEPSP4","Y","Leptophlebiidae sp.",,"family","Arthropoda","Hexapoda","Insecta","Pterygota","Palaeoptera",,"Ephemeroptera","Furcatergalia","Lanceolata",,"Leptophlebiidae",,,,,"sp.",,"larva",1,,8,75,11,"Y","N",,"damaged, affecting taxonomy","N",,"Merritt and Cummins 2008","N","EcoAnalysts Inc.","K. Guild",,,
"07dce7e5-587c-4fe9-81ff-a4457eadc43b","D04","CUPE","CUPE.AOS.reach","2019-06-18T11:23Z","2019-09-19","CUPE.20190618.SURBER.5","A00000113318",,"STESP8","Y","Stenochironomus sp.",,"genus","Arthropoda","Hexapoda","Insecta","Pterygota","Neoptera","Holometabola","Diptera","Nematocera","Culicomorpha",,"Chironomidae","Chironominae","Chironomini",,"Stenochironomus","sp.",,"larva",5,,1,75,1,"N","N",,"condition OK","Y",,"Epler 2001","N","EcoAnalysts Inc.","K. Guild",,,
"51e328ce-6d9d-4fee-9c12-e16068cd84d1","D04","CUPE","CUPE.AOS.reach","2019-06-18T11:23Z","2019-09-19","CUPE.20190618.SURBER.4","A00000113314",,"CARSP14","Y","Cariboptila sp.",,"genus","Arthropoda","Hexapoda","Insecta","Pterygota","Neoptera","Holometabola","Trichoptera",,,"Glossosomatoidea","Glossosomatidae","Protoptilinae",,,"Cariboptila","sp.",,"larva",2,,1,88,1,"N","N",,"condition OK","Y",,"Wiggins 1996","N","EcoAnalysts Inc.","K. Guild",,,
"6d9b3d70-6772-4b31-8730-c3bbd86c58e1","D04","CUPE","CUPE.AOS.reach","2019-06-18T11:23Z","2019-09-19","CUPE.20190618.SURBER.3","A00000113312",,"CARSP14","Y","Cariboptila sp.",,"genus","Arthropoda","Hexapoda","Insecta","Pterygota","Neoptera","Holometabola","Trichoptera",,,"Glossosomatoidea","Glossosomatidae","Protoptilinae",,,"Cariboptila","sp.",,"larva",1,,4,38,11,"N","N",,"condition OK","Y",,"Wiggins 1996","N","EcoAnalysts Inc.","K. Guild",,,
"a86dd634-64e2-40f5-b60d-d591e47d1f90","D04","CUPE","CUPE.AOS.reach","2019-06-18T11:23Z","2019-09-19","CUPE.20190618.SURBER.8","A00000113319",,"HELSP7","Y","Helicopsyche sp.",,"genus","Arthropoda","Hexapoda","Insecta","Pterygota","Neoptera","Holometabola","Trichoptera",,,"Sericostomatoidea","Helicopsychidae",,,,"Helicopsyche","sp.",,"larva",1,,1,75,1,"N","N",,"condition OK","Y",,"Wiggins 1996","N","EcoAnalysts Inc.","K. Guild",,,
"0ac97e3b-0c12-464d-9cce-ac49a20a5baf","D04","CUPE","CUPE.AOS.reach","2019-06-18T11:23Z","2019-09-19","CUPE.20190618.SURBER.2","A00000113317",,"CRISP2","Y","Cricotopus sp.",,"genus","Arthropoda","Hexapoda","Insecta","Pterygota","Neoptera","Holometabola","Diptera","Nematocera","Culicomorpha",,"Chironomidae","Orthocladiinae",,,"Cricotopus","sp.",,"larva",2,,19,59,32,"N","N",,"condition OK","Y",,"Epler 2001, and Maschwitz and Cook 2000","N","EcoAnalysts Inc.","W. Hoiland",,,
"fc6c8fdf-a9ab-4b36-8d1c-80ea1dc19c3a","D04","CUPE","CUPE.AOS.reach","2019-06-18T11:23Z","2019-09-19","CUPE.20190618.SURBER.6","A00000113315",,"CLOSP1","Y","Cloeodes sp.",,"genus","Arthropoda","Hexapoda","Insecta","Pterygota","Palaeoptera",,"Ephemeroptera","Pisciforma",,,"Baetidae",,,,"Cloeodes","sp.",,"larva",2,,2,100,2,"N","N",,"condition OK","Y",,"Merritt and Cummins 2008","N","EcoAnalysts Inc.","K. Guild",,,
"f5400c6c-f378-40ff-a5e5-10c5a3bbe890","D04","CUPE","CUPE.AOS.reach","2019-06-18T11:23Z","2019-09-19","CUPE.20190618.SURBER.3","A00000113312",,"PARPOR","Y","Paracloeodes portoricensis",,"species","Arthropoda","Hexapoda","Insecta","Pterygota","Palaeoptera",,"Ephemeroptera","Pisciforma",,,"Baetidae",,,,"Paracloeodes","portoricensis",,"larva",3,,1,38,3,"N","N",,"condition OK","Y",,"Travers,1938","N","EcoAnalysts Inc.","K. Guild",,,
"9114dbfc-5208-4d0c-8de0-c999ad4c15c2","D04","CUPE","CUPE.AOS.reach","2019-06-18T11:23Z","2019-09-19","CUPE.20190618.SURBER.2","A00000113317",,"PETSP4","Y","Petrophila sp.",,"genus","Arthropoda","Hexapoda","Insecta","Pterygota","Neoptera","Holometabola","Lepidoptera",,,"Pyraloidea","Crambidae","Nymphulinae","Argyractini",,"Petrophila","sp.",,"larva",8,,2,59,3,"N","N",,"condition OK","Y",,"Merritt and Cummins 2008","N","EcoAnalysts Inc.","K. Guild",,,
"c1a14590-f409-4f7b-854e-e45e5e8e52c5","D04","CUPE","CUPE.AOS.reach","2019-06-18T11:23Z","2019-09-19","CUPE.20190618.SURBER.5","A00000113318","CUPE.20190618.SURBER.5_CHIRONOMINI SP.","CHISP6","Y","Chironomini sp.",,"tribe","Arthropoda","Hexapoda","Insecta","Pterygota","Neoptera","Holometabola","Diptera","Nematocera","Culicomorpha",,"Chironomidae","Chironominae","Chironomini",,,"sp.",,"larva",2,,1,75,1,"N","N",,"condition OK","Y",,"Epler 2001","N","EcoAnalysts Inc.","W. Hoiland","In RC",,
"93d169f8-b563-426c-b065-cc3d427e0ed2","D04","CUPE","CUPE.AOS.reach","2019-06-18T11:23Z","2019-09-19","CUPE.20190618.SURBER.1","A00000113316",,"PENSP7","Y","Pentaneura sp.",,"genus","Arthropoda","Hexapoda","Insecta","Pterygota","Neoptera","Holometabola","Diptera","Nematocera","Culicomorpha",,"Chironomidae","Tanypodinae","Pentaneurini",,"Pentaneura","sp.",,"larva",2,,2,35,6,"N","N",,"condition OK","Y",,"Epler 2001, and Maschwitz and Cook 2000","Y","EcoAnalysts Inc.","W. Hoiland",,,
"00e46fe6-d28e-4b77-b3e2-d816a97e1418","D04","CUPE","CUPE.AOS.reach","2019-06-18T11:23Z","2019-09-19","CUPE.20190618.SURBER.2","A00000113317",,"GLOSP1","Y","Glossosomatidae sp.",,"family","Arthropoda","Hexapoda","Insecta","Pterygota","Neoptera","Holometabola","Trichoptera",,,"Glossosomatoidea","Glossosomatidae",,,,,"sp.",,"larva",1,,2,59,3,"Y","N",,"condition OK","N",,"Wiggins 1996","N","EcoAnalysts Inc.","K. Guild",,,
"4f362d62-72ee-46a0-ab96-b3583922b56c","D04","CUPE","CUPE.AOS.reach","2019-06-18T11:23Z","2019-09-19","CUPE.20190618.SURBER.8","A00000113319",,"PARPOR","Y","Paracloeodes portoricensis",,"species","Arthropoda","Hexapoda","Insecta","Pterygota","Palaeoptera",,"Ephemeroptera","Pisciforma",,,"Baetidae",,,,"Paracloeodes","portoricensis",,"larva",1,,1,75,1,"N","N",,"condition OK","Y",,"Travers,1938","N","EcoAnalysts Inc.","K. Guild",,,
"c903b977-13be-457d-b721-1a67e8acc59f","D04","CUPE","CUPE.AOS.reach","2019-06-18T11:23Z","2019-09-19","CUPE.20190618.SURBER.4","A00000113314",,"HELSP7","Y","Helicopsyche sp.",,"genus","Arthropoda","Hexapoda","Insecta","Pterygota","Neoptera","Holometabola","Trichoptera",,,"Sericostomatoidea","Helicopsychidae",,,,"Helicopsyche","sp.",,"larva",1,,9,88,10,"N","N",,"condition OK","Y",,"Wiggins 1996","N","EcoAnalysts Inc.","K. Guild",,,
"cdb3d0e7-7243-488f-b657-422b81b484e0","D04","CUPE","CUPE.AOS.reach","2019-06-18T11:23Z","2019-09-19","CUPE.20190618.SURBER.1","A00000113316",,"LEPSP4","Y","Leptophlebiidae sp.",,"family","Arthropoda","Hexapoda","Insecta","Pterygota","Palaeoptera",,"Ephemeroptera","Furcatergalia","Lanceolata",,"Leptophlebiidae",,,,,"sp.",,"larva",1,,17,35,48,"Y","N",,"damaged, affecting taxonomy","N",,"Merritt and Cummins 2008","Y","EcoAnalysts Inc.","K. Guild",,,
"87b74f88-5ed4-44af-9aef-ce7af2848b1e","D04","CUPE","CUPE.AOS.reach","2019-06-18T11:23Z","2019-09-19","CUPE.20190618.SURBER.4","A00000113314",,"PETSP4","Y","Petrophila sp.",,"genus","Arthropoda","Hexapoda","Insecta","Pterygota","Neoptera","Holometabola","Lepidoptera",,,"Pyraloidea","Crambidae","Nymphulinae","Argyractini",,"Petrophila","sp.",,"larva",3,,10,88,11,"N","N",,"condition OK","Y",,"Merritt and Cummins 2008","N","EcoAnalysts Inc.","K. Guild",,,
"adea1dc8-a188-42a5-aae7-0a5d18f056fe","D04","CUPE","CUPE.AOS.reach","2019-06-18T11:23Z","2019-09-19","CUPE.20190618.SURBER.6","A00000113315",,"XIPBOR","Y","Xiphocentron borinquense",,"species","Arthropoda","Hexapoda","Insecta","Pterygota","Neoptera","Holometabola","Trichoptera",,,"Hydropsychoidea","Xiphocentronidae","Xiphocentroninae",,,"Xiphocentron","borinquense",,"larva",3,,2,100,2,"N","N",,"condition OK","Y",,"Flint,1964","N","EcoAnalysts Inc.","K. Guild",,,
"8673de6e-0fd5-46a3-824e-6043b6e5603f","D04","CUPE","CUPE.AOS.reach","2019-06-18T11:23Z","2019-09-19","CUPE.20190618.SURBER.4","A00000113314",,"HEXSP4","Y","Hexacylloepus sp.",,"genus","Arthropoda","Hexapoda","Insecta","Pterygota","Neoptera","Holometabola","Coleoptera","Polyphaga","Elateriformia","Byrrhoidea","Elmidae","Elminae","Elmini",,"Hexacylloepus","sp.",,"adult",2,,4,88,5,"N","N",,"condition OK","Y",,"Brown and White 1978","N","EcoAnalysts Inc.","K. Guild",,,
"023728fa-4554-4764-8a9d-7c99c8290345","D04","CUPE","CUPE.AOS.reach","2019-06-18T11:23Z","2019-09-19","CUPE.20190618.SURBER.2","A00000113317",,"CRISP2","Y","Cricotopus sp.",,"genus","Arthropoda","Hexapoda","Insecta","Pterygota","Neoptera","Holometabola","Diptera","Nematocera","Culicomorpha",,"Chironomidae","Orthocladiinae",,,"Cricotopus","sp.",,"larva",2,,6,59,10,"N","N",,"damaged, affecting measurement","Y",,"Epler 2001, and Maschwitz and Cook 2000","N","EcoAnalysts Inc.","W. Hoiland","Fragment measured",,
"ecd4c429-255e-4c68-9cde-8ce1081caa81","D04","CUPE","CUPE.AOS.reach","2019-06-18T11:23Z","2019-09-19","CUPE.20190618.SURBER.2","A00000113317",,"THISP2","Y","Thienemanniella sp.",,"genus","Arthropoda","Hexapoda","Insecta","Pterygota","Neoptera","Holometabola","Diptera","Nematocera","Culicomorpha",,"Chironomidae","Orthocladiinae",,,"Thienemanniella","sp.",,"larva",2,,2,59,3,"N","N",,"condition OK","Y",,"Epler 2001","N","EcoAnalysts Inc.","W. Hoiland",,,
"a60830d3-a830-4412-85c9-81d7caae1011","D04","CUPE","CUPE.AOS.reach","2019-06-18T11:23Z","2019-09-19","CUPE.20190618.SURBER.3","A00000113312",,"XIPBOR","Y","Xiphocentron borinquense",,"species","Arthropoda","Hexapoda","Insecta","Pterygota","Neoptera","Holometabola","Trichoptera",,,"Hydropsychoidea","Xiphocentronidae","Xiphocentroninae",,,"Xiphocentron","borinquense",,"larva",5,,1,38,3,"N","N",,"condition OK","Y",,"Flint,1964","N","EcoAnalysts Inc.","K. Guild",,,
"54223a69-b018-4d1b-82c3-f37600b7bfad","D04","CUPE","CUPE.AOS.reach","2019-06-18T11:23Z","2019-09-19","CUPE.20190618.SURBER.7","A00000113313",,"NEOSP27","Y","Neoelmis sp.",,"genus","Arthropoda","Hexapoda","Insecta","Pterygota","Neoptera","Holometabola","Coleoptera","Polyphaga","Elateriformia","Byrrhoidea","Elmidae","Elminae","Elmini",,"Neoelmis","sp.",,"adult",2,,22,100,22,"N","N",,"condition OK","Y",,"Brown and White 1978","N","EcoAnalysts Inc.","K. Guild",,,
"0828ab9f-4555-4d39-84e1-307618dc227e","D04","CUPE","CUPE.AOS.reach","2019-06-18T11:23Z","2019-09-19","CUPE.20190618.SURBER.6","A00000113315",,"LEPSP4","Y","Leptophlebiidae sp.",,"family","Arthropoda","Hexapoda","Insecta","Pterygota","Palaeoptera",,"Ephemeroptera","Furcatergalia","Lanceolata",,"Leptophlebiidae",,,,,"sp.",,"larva",2,,3,100,3,"N","N",,"damaged, affecting measurement","Y",,"Merritt and Cummins 2008","N","EcoAnalysts Inc.","K. Guild","Fragment measured",,
"eca8662b-dd75-4d84-a375-fa66fc1d2de6","D04","CUPE","CUPE.AOS.reach","2019-06-18T11:23Z","2019-09-19","CUPE.20190618.SURBER.8","A00000113319",,"STESP10","Y","Stempellinella sp.",,"genus","Arthropoda","Hexapoda","Insecta","Pterygota","Neoptera","Holometabola","Diptera","Nematocera","Culicomorpha",,"Chironomidae","Chironominae","Tanytarsini",,"Stempellinella","sp.",,"larva",2,,18,75,24,"N","N",,"condition OK","Y",,"Epler 2001","N","EcoAnalysts Inc.","W. Hoiland",,,
"ab1332b8-255f-4334-a1a0-9ec7add76034","D04","CUPE","CUPE.AOS.reach","2019-06-18T11:23Z","2019-09-19","CUPE.20190618.SURBER.7","A00000113313",,"HELSP7","Y","Helicopsyche sp.",,"genus","Arthropoda","Hexapoda","Insecta","Pterygota","Neoptera","Holometabola","Trichoptera",,,"Sericostomatoidea","Helicopsychidae",,,,"Helicopsyche","sp.",,"larva",1,,7,100,7,"N","N",,"condition OK","Y",,"Wiggins 1996","N","EcoAnalysts Inc.","K. Guild",,,
"f50d017c-453c-40d6-af69-e9548609e63b","D04","CUPE","CUPE.AOS.reach","2019-06-18T11:23Z","2019-09-19","CUPE.20190618.SURBER.3","A00000113312",,"HAGSP3","Y","Hagenulopsis sp.",,"genus","Arthropoda","Hexapoda","Insecta","Pterygota","Palaeoptera",,"Ephemeroptera","Furcatergalia","Lanceolata",,"Leptophlebiidae",,,,"Hagenulopsis","sp.",,"larva",3,,1,38,3,"N","N",,"condition OK","Y",,"Peters,1971","N","EcoAnalysts Inc.","K. Guild",,,
"dc6b66ca-a82b-4399-9395-c64c9fa8aa5d","D04","CUPE","CUPE.AOS.reach","2019-06-18T11:23Z","2019-09-19","CUPE.20190618.SURBER.2","A00000113317",,"NEOSP27","Y","Neoelmis sp.",,"genus","Arthropoda","Hexapoda","Insecta","Pterygota","Neoptera","Holometabola","Coleoptera","Polyphaga","Elateriformia","Byrrhoidea","Elmidae","Elminae","Elmini",,"Neoelmis","sp.",,"larva",3,,2,59,3,"N","N",,"condition OK","Y",,"Brown and White 1978","N","EcoAnalysts Inc.","K. Guild",,,
"143f8dae-b283-4c7e-8506-8944ac877b2d","D04","CUPE","CUPE.AOS.reach","2019-06-18T11:23Z","2019-09-19","CUPE.20190618.SURBER.7","A00000113313",,"HEXSP4","Y","Hexacylloepus sp.",,"genus","Arthropoda","Hexapoda","Insecta","Pterygota","Neoptera","Holometabola","Coleoptera","Polyphaga","Elateriformia","Byrrhoidea","Elmidae","Elminae","Elmini",,"Hexacylloepus","sp.",,"larva",3,,7,100,7,"N","N",,"condition OK","Y",,"Brown and White 1978","N","EcoAnalysts Inc.","K. Guild",,,
"6d442b76-0407-40f3-b2ef-dcaf215a04cc","D04","CUPE","CUPE.AOS.reach","2019-06-18T11:23Z","2019-09-19","CUPE.20190618.SURBER.5","A00000113318",,"NEOSP27","Y","Neoelmis sp.",,"genus","Arthropoda","Hexapoda","Insecta","Pterygota","Neoptera","Holometabola","Coleoptera","Polyphaga","Elateriformia","Byrrhoidea","Elmidae","Elminae","Elmini",,"Neoelmis","sp.",,"larva",1,,1,75,1,"N","N",,"condition OK","Y",,"Brown and White 1978","N","EcoAnalysts Inc.","K. Guild",,,
"64adb7a3-b9a9-49df-b277-6c024633d2f6","D04","CUPE","CUPE.AOS.reach","2019-06-18T11:23Z","2019-09-19","CUPE.20190618.SURBER.4","A00000113314",,"PETSP4","Y","Petrophila sp.",,"genus","Arthropoda","Hexapoda","Insecta","Pterygota","Neoptera","Holometabola","Lepidoptera",,,"Pyraloidea","Crambidae","Nymphulinae","Argyractini",,"Petrophila","sp.",,"larva",1,,8,88,9,"N","N",,"condition OK","Y",,"Merritt and Cummins 2008","N","EcoAnalysts Inc.","K. Guild",,,
"22a48402-6c77-45ee-b50e-e1263da42613","D04","CUPE","CUPE.AOS.reach","2019-06-18T11:23Z","2019-09-19","CUPE.20190618.SURBER.5","A00000113318",,"FARSP","Y","Farrodes sp.",,"genus","Arthropoda","Hexapoda","Insecta","Pterygota","Palaeoptera",,"Ephemeroptera","Furcatergalia","Lanceolata",,"Leptophlebiidae",,,,"Farrodes","sp.",,"larva",5,,1,75,1,"N","N",,"condition OK","Y",,"Merritt and Cummins 2008","N","EcoAnalysts Inc.","K. Guild",,,
"21fa424e-4b04-4855-a0f3-659a66c3b9ea","D04","CUPE","CUPE.AOS.reach","2019-06-18T11:23Z","2019-09-19","CUPE.20190618.SURBER.3","A00000113312",,"HELSP7","Y","Helicopsyche sp.",,"genus","Arthropoda","Hexapoda","Insecta","Pterygota","Neoptera","Holometabola","Trichoptera",,,"Sericostomatoidea","Helicopsychidae",,,,"Helicopsyche","sp.",,"larva",1,,1,38,3,"N","N",,"condition OK","Y",,"Wiggins 1996","N","EcoAnalysts Inc.","K. Guild",,,
"17a61f19-4f46-47c5-9bcf-0d54ab8b5d6b","D04","CUPE","CUPE.AOS.reach","2019-06-18T11:23Z","2019-09-19","CUPE.20190618.SURBER.7","A00000113313",,"TANSP8","Y","Tanytarsini sp.",,"tribe","Arthropoda","Hexapoda","Insecta","Pterygota","Neoptera","Holometabola","Diptera","Nematocera","Culicomorpha",,"Chironomidae","Chironominae","Tanytarsini",,,"sp.",,"larva",2,,23,100,23,"N","N",,"condition OK","Y",,"Epler 2001","N","EcoAnalysts Inc.","W. Hoiland",,,
"5106128a-df42-42e1-8466-1775d5982f8e","D04","CUPE","CUPE.AOS.reach","2019-06-18T11:23Z","2019-09-19","CUPE.20190618.SURBER.5","A00000113318",,"PHASP11","Y","Phanocerus sp.",,"genus","Arthropoda","Hexapoda","Insecta","Pterygota","Neoptera","Holometabola","Coleoptera","Polyphaga","Elateriformia","Byrrhoidea","Elmidae","Larainae",,,"Phanocerus","sp.",,"larva",4,,6,75,8,"N","N",,"condition OK","Y",,"Brown and White 1978","N","EcoAnalysts Inc.","K. Guild",,,
"a1b5d810-2be5-423a-8695-24dfaed2cd17","D04","CUPE","CUPE.AOS.reach","2019-06-18T11:23Z","2019-09-19","CUPE.20190618.SURBER.1","A00000113316",,"PETSP4","Y","Petrophila sp.",,"genus","Arthropoda","Hexapoda","Insecta","Pterygota","Neoptera","Holometabola","Lepidoptera",,,"Pyraloidea","Crambidae","Nymphulinae","Argyractini",,"Petrophila","sp.",,"larva",8,,1,35,3,"N","N",,"condition OK","Y",,"Merritt and Cummins 2008","Y","EcoAnalysts Inc.","K. Guild",,,
"ecdbf626-acdf-4cd8-8ed6-02fa5b096503","D04","CUPE","CUPE.AOS.reach","2019-06-18T11:23Z","2019-09-19","CUPE.20190618.SURBER.8","A00000113319",,"CLOSP1","Y","Cloeodes sp.",,"genus","Arthropoda","Hexapoda","Insecta","Pterygota","Palaeoptera",,"Ephemeroptera","Pisciforma",,,"Baetidae",,,,"Cloeodes","sp.",,"larva",2,,8,75,11,"N","N",,"condition OK","Y",,"Merritt and Cummins 2008","N","EcoAnalysts Inc.","K. Guild",,,
"55fdf6fc-6336-4a5b-8b28-224d69dc8e2e","D04","CUPE","CUPE.AOS.reach","2019-06-18T11:23Z","2019-09-19","CUPE.20190618.SURBER.2","A00000113317",,"PETSP4","Y","Petrophila sp.",,"genus","Arthropoda","Hexapoda","Insecta","Pterygota","Neoptera","Holometabola","Lepidoptera",,,"Pyraloidea","Crambidae","Nymphulinae","Argyractini",,"Petrophila","sp.",,"larva",2,,10,59,17,"N","N",,"condition OK","Y",,"Merritt and Cummins 2008","N","EcoAnalysts Inc.","K. Guild",,,
"acfb378e-bd24-4d92-95da-8a10d8d6bb5b","D04","CUPE","CUPE.AOS.reach","2019-06-18T11:23Z","2019-09-19","CUPE.20190618.SURBER.5","A00000113318",,"LEPSP4","Y","Leptophlebiidae sp.",,"family","Arthropoda","Hexapoda","Insecta","Pterygota","Palaeoptera",,"Ephemeroptera","Furcatergalia","Lanceolata",,"Leptophlebiidae",,,,,"sp.",,"larva",1,,7,75,9,"Y","N",,"damaged, affecting measurement","N",,"Merritt and Cummins 2008","N","EcoAnalysts Inc.","K. Guild","Fragment measured",,
"99e46a10-af09-420f-aba6-6a1718d502ca","D04","CUPE","CUPE.AOS.reach","2019-06-18T11:23Z","2019-09-19","CUPE.20190618.SURBER.2","A00000113317",,"ATOTRI","Y","Atopsyche trifida",,"species","Arthropoda","Hexapoda","Insecta","Pterygota","Neoptera","Holometabola","Trichoptera",,,"Rhyacophiloidea","Hydrobiosidae","Hydrobiosinae","Hydrobiosini",,"Atopsyche","trifida",,"larva",4,,1,59,2,"N","N",,"condition OK","Y",,"Wiggins 1996","N","EcoAnalysts Inc.","K. Guild",,,
"6ffee170-0ce5-4adb-ac32-55ef66ea4151","D04","CUPE","CUPE.AOS.reach","2019-06-18T11:23Z","2019-09-19","CUPE.20190618.SURBER.8","A00000113319",,"FARSP","Y","Farrodes sp.",,"genus","Arthropoda","Hexapoda","Insecta","Pterygota","Palaeoptera",,"Ephemeroptera","Furcatergalia","Lanceolata",,"Leptophlebiidae",,,,"Farrodes","sp.",,"larva",4,,14,75,19,"N","N",,"condition OK","Y",,"Merritt and Cummins 2008","N","EcoAnalysts Inc.","K. Guild",,,
"b545e0cf-bc06-40c5-bde6-341e57b11a7f","D04","CUPE","CUPE.AOS.reach","2019-06-18T11:23Z","2019-09-19","CUPE.20190618.SURBER.6","A00000113315",,"LEPSP4","Y","Leptophlebiidae sp.",,"family","Arthropoda","Hexapoda","Insecta","Pterygota","Palaeoptera",,"Ephemeroptera","Furcatergalia","Lanceolata",,"Leptophlebiidae",,,,,"sp.",,"larva",4,,8,100,8,"N","N",,"condition OK","Y",,"Merritt and Cummins 2008","N","EcoAnalysts Inc.","K. Guild",,,
"8f0c6cde-c84d-4182-8add-67b8d67d8dff","D04","CUPE","CUPE.AOS.reach","2019-06-18T11:23Z","2019-09-19","CUPE.20190618.SURBER.6","A00000113315",,"FARSP","Y","Farrodes sp.",,"genus","Arthropoda","Hexapoda","Insecta","Pterygota","Palaeoptera",,"Ephemeroptera","Furcatergalia","Lanceolata",,"Leptophlebiidae",,,,"Farrodes","sp.",,"larva",5,,2,100,2,"N","N",,"condition OK","Y",,"Merritt and Cummins 2008","N","EcoAnalysts Inc.","K. Guild",,,
"081a3c38-3ea3-434d-97d7-4124bdfb6847","D04","CUPE","CUPE.AOS.reach","2019-06-18T11:23Z","2019-09-19","CUPE.20190618.SURBER.2","A00000113317",,"NEOSP27","Y","Neoelmis sp.",,"genus","Arthropoda","Hexapoda","Insecta","Pterygota","Neoptera","Holometabola","Coleoptera","Polyphaga","Elateriformia","Byrrhoidea","Elmidae","Elminae","Elmini",,"Neoelmis","sp.",,"larva",2,,1,59,2,"N","N",,"condition OK","Y",,"Brown and White 1978","N","EcoAnalysts Inc.","K. Guild",,,
"ee86d091-b6b7-44c4-86bd-072618990e6c","D04","CUPE","CUPE.AOS.reach","2019-06-18T11:23Z","2019-09-19","CUPE.20190618.SURBER.3","A00000113312",,"PENSP7","Y","Pentaneura sp.",,"genus","Arthropoda","Hexapoda","Insecta","Pterygota","Neoptera","Holometabola","Diptera","Nematocera","Culicomorpha",,"Chironomidae","Tanypodinae","Pentaneurini",,"Pentaneura","sp.",,"larva",2,,4,38,11,"N","N",,"condition OK","Y",,"Epler 2001, and Maschwitz and Cook 2000","N","EcoAnalysts Inc.","W. Hoiland",,,
"e7f1c2b4-e4e7-4610-bb1a-226b5a59686e","D04","CUPE","CUPE.AOS.reach","2019-06-18T11:23Z","2019-09-19","CUPE.20190618.SURBER.7","A00000113313",,"CORSP19","Y","Corynoneura sp.",,"genus","Arthropoda","Hexapoda","Insecta","Pterygota","Neoptera","Holometabola","Diptera","Nematocera","Culicomorpha",,"Chironomidae","Orthocladiinae",,,"Corynoneura","sp.",,"larva",2,,1,100,1,"N","N",,"condition OK","Y",,"Epler 2001","N","EcoAnalysts Inc.","W. Hoiland",,,
"7fff184d-e5b3-4dc3-9d99-39f358170008","D04","CUPE","CUPE.AOS.reach","2019-06-18T11:23Z","2019-09-19","CUPE.20190618.SURBER.5","A00000113318","CUPE.20190618.SURBER.5_CHIRONOMINI SP.","CHISP6","Y","Chironomini sp.",,"tribe","Arthropoda","Hexapoda","Insecta","Pterygota","Neoptera","Holometabola","Diptera","Nematocera","Culicomorpha",,"Chironomidae","Chironominae","Chironomini",,,"sp.",,"pupa",3,,1,75,1,"N","N",,"damaged, affecting measurement","Y",,"Epler 2001","N","EcoAnalysts Inc.","W. Hoiland","Fragment measured",,
"2debab7b-50da-4eb8-acac-320ae6d34686","D04","CUPE","CUPE.AOS.reach","2019-06-18T11:23Z","2019-09-19","CUPE.20190618.SURBER.2","A00000113317",,"PETSP4","Y","Petrophila sp.",,"genus","Arthropoda","Hexapoda","Insecta","Pterygota","Neoptera","Holometabola","Lepidoptera",,,"Pyraloidea","Crambidae","Nymphulinae","Argyractini",,"Petrophila","sp.",,"larva",5,,6,59,10,"N","N",,"condition OK","Y",,"Merritt and Cummins 2008","N","EcoAnalysts Inc.","K. Guild",,,
"f26ba011-d20e-4c20-91e7-d07af24ad631","D04","CUPE","CUPE.AOS.reach","2019-06-18T11:23Z","2019-09-19","CUPE.20190618.SURBER.6","A00000113315",,"ANTTUB","Y","Antillopsyche tubicola",,"species","Arthropoda","Hexapoda","Insecta","Pterygota","Neoptera","Holometabola","Trichoptera",,,"Hydropsychoidea","Polycentropodidae","Polycentropodinae",,,"Antillopsyche","tubicola",,"larva",2,,2,100,2,"N","N",,"condition OK","Y",,"Wiggins 1996","N","EcoAnalysts Inc.","K. Guild",,,
"d1be62b8-b637-49ee-84fa-6254225439c4","D04","CUPE","CUPE.AOS.reach","2019-06-18T11:23Z","2019-09-19","CUPE.20190618.SURBER.6","A00000113315",,"NEOSP27","Y","Neoelmis sp.",,"genus","Arthropoda","Hexapoda","Insecta","Pterygota","Neoptera","Holometabola","Coleoptera","Polyphaga","Elateriformia","Byrrhoidea","Elmidae","Elminae","Elmini",,"Neoelmis","sp.",,"larva",1,,1,100,1,"N","N",,"condition OK","Y",,"Brown and White 1978","N","EcoAnalysts Inc.","K. Guild",,,
"8b9c85b0-b7cf-40b0-b1a2-471115eadd61","D04","CUPE","CUPE.AOS.reach","2019-06-18T11:23Z","2019-09-19","CUPE.20190618.SURBER.1","A00000113316",,"PETSP4","Y","Petrophila sp.",,"genus","Arthropoda","Hexapoda","Insecta","Pterygota","Neoptera","Holometabola","Lepidoptera",,,"Pyraloidea","Crambidae","Nymphulinae","Argyractini",,"Petrophila","sp.",,"larva",3,,10,35,28,"N","N",,"condition OK","Y",,"Merritt and Cummins 2008","Y","EcoAnalysts Inc.","K. Guild",,,
"e307c891-17d9-4d1d-a969-749974313a59","D04","CUPE","CUPE.AOS.reach","2019-06-18T11:23Z","2019-09-19","CUPE.20190618.SURBER.1","A00000113316",,"RHEEXI","Y","Rheotanytarsus exiguus gr.",,"speciesGroup","Arthropoda","Hexapoda","Insecta","Pterygota","Neoptera","Holometabola","Diptera","Nematocera","Culicomorpha",,"Chironomidae","Chironominae","Tanytarsini",,"Rheotanytarsus","exiguus gr.",,"larva",2,,5,35,14,"N","N",,"condition OK","Y",,"Epler 2001","Y","EcoAnalysts Inc.","W. Hoiland",,,
"d3674469-5e1f-43d7-8bd2-04275897a223","D04","CUPE","CUPE.AOS.reach","2019-06-18T11:23Z","2019-09-19","CUPE.20190618.SURBER.8","A00000113319",,"LEPSP4","Y","Leptophlebiidae sp.",,"family","Arthropoda","Hexapoda","Insecta","Pterygota","Palaeoptera",,"Ephemeroptera","Furcatergalia","Lanceolata",,"Leptophlebiidae",,,,,"sp.",,"larva",4,,1,75,1,"Y","N",,"damaged, affecting measurement","N",,"Merritt and Cummins 2008","N","EcoAnalysts Inc.","K. Guild","Fragment measured",,
"1535b120-e382-4584-ab4b-b9aeadc1067b","D04","CUPE","CUPE.AOS.reach","2019-06-18T11:23Z","2019-09-19","CUPE.20190618.SURBER.6","A00000113315",,"CLOSP1","Y","Cloeodes sp.",,"genus","Arthropoda","Hexapoda","Insecta","Pterygota","Palaeoptera",,"Ephemeroptera","Pisciforma",,,"Baetidae",,,,"Cloeodes","sp.",,"larva",3,,1,100,1,"N","N",,"condition OK","Y",,"Merritt and Cummins 2008","N","EcoAnalysts Inc.","K. Guild",,,
"f91fb0f8-7985-48a2-9c6c-cb691f70a55f","D04","CUPE","CUPE.AOS.reach","2019-06-18T11:23Z","2019-09-19","CUPE.20190618.SURBER.8","A00000113319",,"TIPSP","Y","Tipulidae sp.",,"family","Arthropoda","Hexapoda","Insecta","Pterygota","Neoptera","Holometabola","Diptera","Nematocera","Tipulomorpha",,"Tipulidae",,,,,"sp.",,"pupa",4,,1,75,1,"N","N",,"condition OK","Y",,"Merritt and Cummins 2008","N","EcoAnalysts Inc.","K. Guild",,,
"698bea8b-4cf5-473b-b879-9e7eee7432bc","D04","CUPE","CUPE.AOS.reach","2019-06-18T11:23Z","2019-09-19","CUPE.20190618.SURBER.3","A00000113312",,"PETSP4","Y","Petrophila sp.",,"genus","Arthropoda","Hexapoda","Insecta","Pterygota","Neoptera","Holometabola","Lepidoptera",,,"Pyraloidea","Crambidae","Nymphulinae","Argyractini",,"Petrophila","sp.",,"larva",6,,1,38,3,"N","N",,"condition OK","Y",,"Merritt and Cummins 2008","N","EcoAnalysts Inc.","K. Guild",,,
"23299bd3-a4e2-41d8-a3bf-37ef7fa01024","D04","CUPE","CUPE.AOS.reach","2019-06-18T11:23Z","2019-09-19","CUPE.20190618.SURBER.2","A00000113317",,"PETSP4","Y","Petrophila sp.",,"genus","Arthropoda","Hexapoda","Insecta","Pterygota","Neoptera","Holometabola","Lepidoptera",,,"Pyraloidea","Crambidae","Nymphulinae","Argyractini",,"Petrophila","sp.",,"larva",1,,2,59,3,"N","N",,"damaged, affecting measurement","Y",,"Merritt and Cummins 2008","N","EcoAnalysts Inc.","K. Guild","Fragment measured",,
"501c94d3-3d9e-44fe-b9b7-e1b983df704a","D04","CUPE","CUPE.AOS.reach","2019-06-18T11:23Z","2019-09-19","CUPE.20190618.SURBER.3","A00000113312",,"STESP8","Y","Stenochironomus sp.",,"genus","Arthropoda","Hexapoda","Insecta","Pterygota","Neoptera","Holometabola","Diptera","Nematocera","Culicomorpha",,"Chironomidae","Chironominae","Chironomini",,"Stenochironomus","sp.",,"larva",6,,1,38,3,"N","N",,"condition OK","Y",,"Epler 2001","N","EcoAnalysts Inc.","K. Guild",,,
"00d6eb1b-363d-42ea-a9b2-672f38b22597","D04","CUPE","CUPE.AOS.reach","2019-06-18T11:23Z","2019-09-19","CUPE.20190618.SURBER.8","A00000113319",,"ANISP1","Y","Anisoptera sp.",,"suborder","Arthropoda","Hexapoda","Insecta","Pterygota","Palaeoptera",,"Odonata","Anisoptera",,,,,,,,"sp.",,"larva",1,,1,75,1,"Y","N",,"condition OK","N",,"Needham, Westfall and May 2000","N","EcoAnalysts Inc.","K. Guild",,,
"06d5f0ba-6cdd-40f4-b8f0-0b687e7dae6d","D04","CUPE","CUPE.AOS.reach","2019-06-18T11:23Z","2019-09-19","CUPE.20190618.SURBER.7","A00000113313",,"PETSP4","Y","Petrophila sp.",,"genus","Arthropoda","Hexapoda","Insecta","Pterygota","Neoptera","Holometabola","Lepidoptera",,,"Pyraloidea","Crambidae","Nymphulinae","Argyractini",,"Petrophila","sp.",,"larva",2,,6,100,6,"N","N",,"condition OK","Y",,"Merritt and Cummins 2008","N","EcoAnalysts Inc.","K. Guild",,,
"5a12a091-1acb-418c-8f47-2ba3b7b71e59","D04","CUPE","CUPE.AOS.reach","2019-06-18T11:23Z","2019-09-19","CUPE.20190618.SURBER.1","A00000113316",,"NEOSP27","Y","Neoelmis sp.",,"genus","Arthropoda","Hexapoda","Insecta","Pterygota","Neoptera","Holometabola","Coleoptera","Polyphaga","Elateriformia","Byrrhoidea","Elmidae","Elminae","Elmini",,"Neoelmis","sp.",,"adult",2,,19,35,54,"N","N",,"condition OK","Y",,"Brown and White 1978","Y","EcoAnalysts Inc.","K. Guild",,,
"9d42d087-2a7d-4614-b666-c469b8a737bb","D04","CUPE","CUPE.AOS.reach","2019-06-18T11:23Z","2019-09-19","CUPE.20190618.SURBER.1","A00000113316",,"EMPSP","Y","Empididae sp.",,"family","Arthropoda","Hexapoda","Insecta","Pterygota","Neoptera","Holometabola","Diptera","Brachycera","Muscomorpha",,"Empididae",,,,,"sp.",,"larva",1,,2,35,6,"N","N",,"condition OK","Y",,"Merritt and Cummins 2008","Y","EcoAnalysts Inc.","K. Guild",,,
"366869b2-e01e-41ff-a227-32a121747b9a","D04","CUPE","CUPE.AOS.reach","2019-06-18T11:23Z","2019-09-19","CUPE.20190618.SURBER.5","A00000113318",,"STESP8","Y","Stenochironomus sp.",,"genus","Arthropoda","Hexapoda","Insecta","Pterygota","Neoptera","Holometabola","Diptera","Nematocera","Culicomorpha",,"Chironomidae","Chironominae","Chironomini",,"Stenochironomus","sp.",,"larva",3,,1,75,1,"N","N",,"condition OK","Y",,"Epler 2001","N","EcoAnalysts Inc.","K. Guild",,,
"1091ba56-8398-407e-b980-63596081687d","D04","CUPE","CUPE.AOS.reach","2019-06-18T11:23Z","2019-09-19","CUPE.20190618.SURBER.7","A00000113313",,"HEXSP4","Y","Hexacylloepus sp.",,"genus","Arthropoda","Hexapoda","Insecta","Pterygota","Neoptera","Holometabola","Coleoptera","Polyphaga","Elateriformia","Byrrhoidea","Elmidae","Elminae","Elmini",,"Hexacylloepus","sp.",,"larva",2,,2,100,2,"N","N",,"condition OK","Y",,"Brown and White 1978","N","EcoAnalysts Inc.","K. Guild",,,
"36eab528-2c3c-4868-9640-d0fedac1bb57","D04","CUPE","CUPE.AOS.reach","2019-06-18T11:23Z","2019-09-19","CUPE.20190618.SURBER.4","A00000113314",,"GLOSP1","Y","Glossosomatidae sp.",,"family","Arthropoda","Hexapoda","Insecta","Pterygota","Neoptera","Holometabola","Trichoptera",,,"Glossosomatoidea","Glossosomatidae",,,,,"sp.",,"pupa",2,,1,88,1,"Y","Y",,"condition OK","N",,"Wiggins 1996","N","EcoAnalysts Inc.","K. Guild",,,
"ba17f98c-2d70-4ac4-8c81-10e06b0a780f","D04","CUPE","CUPE.AOS.reach","2019-06-18T11:23Z","2019-09-19","CUPE.20190618.SURBER.3","A00000113312",,"FARSP","Y","Farrodes sp.",,"genus","Arthropoda","Hexapoda","Insecta","Pterygota","Palaeoptera",,"Ephemeroptera","Furcatergalia","Lanceolata",,"Leptophlebiidae",,,,"Farrodes","sp.",,"larva",5,,2,38,5,"N","N",,"condition OK","Y",,"Merritt and Cummins 2008","N","EcoAnalysts Inc.","K. Guild",,,
"ad53bbff-ed0d-4db8-bb20-4fbdc29581c7","D04","CUPE","CUPE.AOS.reach","2019-06-18T11:23Z","2019-09-19","CUPE.20190618.SURBER.6","A00000113315",,"FARSP","Y","Farrodes sp.",,"genus","Arthropoda","Hexapoda","Insecta","Pterygota","Palaeoptera",,"Ephemeroptera","Furcatergalia","Lanceolata",,"Leptophlebiidae",,,,"Farrodes","sp.",,"larva",4,,12,100,12,"N","N",,"condition OK","Y",,"Merritt and Cummins 2008","N","EcoAnalysts Inc.","K. Guild",,,
"473b941d-fe98-49bf-9b35-874a6b580024","D04","CUPE","CUPE.AOS.reach","2019-06-18T11:23Z","2019-09-19","CUPE.20190618.SURBER.8","A00000113319",,"CORSP19","Y","Corynoneura sp.",,"genus","Arthropoda","Hexapoda","Insecta","Pterygota","Neoptera","Holometabola","Diptera","Nematocera","Culicomorpha",,"Chironomidae","Orthocladiinae",,,"Corynoneura","sp.",,"larva",2,,1,75,1,"N","N",,"condition OK","Y",,"Epler 2001","N","EcoAnalysts Inc.","W. Hoiland",,,
"c7cedf3a-e755-4809-850f-b48ad35cf397","D04","CUPE","CUPE.AOS.reach","2019-06-18T11:23Z","2019-09-19","CUPE.20190618.SURBER.6","A00000113315",,"ATRSP1","Y","Atrichopogon sp.",,"genus","Arthropoda","Hexapoda","Insecta","Pterygota","Neoptera","Holometabola","Diptera","Nematocera","Culicomorpha",,"Ceratopogonidae","Forcipomyiinae",,,"Atrichopogon","sp.",,"larva",1,,1,100,1,"N","N",,"condition OK","Y",,"Merritt and Cummins 2008","N","EcoAnalysts Inc.","K. Guild",,,
"5ca00d6d-62bf-460b-a6fe-f7fdd20af420","D04","CUPE","CUPE.AOS.reach","2019-06-18T11:23Z","2019-09-19","CUPE.20190618.SURBER.8","A00000113319",,"LIBSP","Y","Libellulidae sp.",,"family","Arthropoda","Hexapoda","Insecta","Pterygota","Palaeoptera",,"Odonata","Anisoptera",,,"Libellulidae",,,,,"sp.",,"larva",1,,2,75,3,"N","N",,"condition OK","Y",,"Needham, Westfall and May 2000","N","EcoAnalysts Inc.","K. Guild",,,
"809bf026-e522-4856-9128-6c35088ddfbf","D04","CUPE","CUPE.AOS.reach","2019-06-18T11:23Z","2019-09-19","CUPE.20190618.SURBER.1","A00000113316",,"LEPSP4","Y","Leptophlebiidae sp.",,"family","Arthropoda","Hexapoda","Insecta","Pterygota","Palaeoptera",,"Ephemeroptera","Furcatergalia","Lanceolata",,"Leptophlebiidae",,,,,"sp.",,"larva",3,,1,35,3,"Y","N",,"damaged, affecting taxonomy","N",,"Merritt and Cummins 2008","Y","EcoAnalysts Inc.","K. Guild",,,
"7558b376-aacd-48c0-a9f4-890fec9f7f32","D04","CUPE","CUPE.AOS.reach","2019-06-18T11:23Z","2019-09-19","CUPE.20190618.SURBER.1","A00000113316",,"TANSP8","Y","Tanytarsini sp.",,"tribe","Arthropoda","Hexapoda","Insecta","Pterygota","Neoptera","Holometabola","Diptera","Nematocera","Culicomorpha",,"Chironomidae","Chironominae","Tanytarsini",,,"sp.",,"larva",2,,13,35,37,"N","Y",,"condition OK","Y",,"Epler 2001","Y","EcoAnalysts Inc.","W. Hoiland","Constempellina -like but with bushy s-3",,
"870538e1-3b6b-4c73-8e90-d86e14090558","D04","CUPE","CUPE.AOS.reach","2019-06-18T11:23Z","2019-09-19","CUPE.20190618.SURBER.3","A00000113312",,"BAESP","Y","Baetidae sp.",,"family","Arthropoda","Hexapoda","Insecta","Pterygota","Palaeoptera",,"Ephemeroptera","Pisciforma",,,"Baetidae",,,,,"sp.",,"larva",1,,1,38,3,"Y","N",,"damaged, affecting measurement","N",,"Merritt and Cummins 2008","N","EcoAnalysts Inc.","K. Guild","Fragment measured",,
"b5b8c419-1a1d-4e06-bb65-c64db7942a55","D04","CUPE","CUPE.AOS.reach","2019-06-18T11:23Z","2019-09-19","CUPE.20190618.SURBER.6","A00000113315",,"LEPSP4","Y","Leptophlebiidae sp.",,"family","Arthropoda","Hexapoda","Insecta","Pterygota","Palaeoptera",,"Ephemeroptera","Furcatergalia","Lanceolata",,"Leptophlebiidae",,,,,"sp.",,"larva",3,,13,100,13,"N","N",,"condition OK","Y",,"Merritt and Cummins 2008","N","EcoAnalysts Inc.","K. Guild",,,
"8f9001f1-fb19-45a4-9bb5-83f1f07aa76c","D04","CUPE","CUPE.AOS.reach","2019-06-18T11:23Z","2019-09-19","CUPE.20190618.SURBER.4","A00000113314",,"CORSP19","Y","Corynoneura sp.",,"genus","Arthropoda","Hexapoda","Insecta","Pterygota","Neoptera","Holometabola","Diptera","Nematocera","Culicomorpha",,"Chironomidae","Orthocladiinae",,,"Corynoneura","sp.",,"larva",2,,1,88,1,"N","N",,"condition OK","Y",,"Epler 2001","N","EcoAnalysts Inc.","W. Hoiland",,,
"200c509d-706f-4cd8-954b-e56099355127","D04","CUPE","CUPE.AOS.reach","2019-06-18T11:23Z","2019-09-19","CUPE.20190618.SURBER.2","A00000113317",,"PETSP4","Y","Petrophila sp.",,"genus","Arthropoda","Hexapoda","Insecta","Pterygota","Neoptera","Holometabola","Lepidoptera",,,"Pyraloidea","Crambidae","Nymphulinae","Argyractini",,"Petrophila","sp.",,"larva",9,,2,59,3,"N","N",,"condition OK","Y",,"Merritt and Cummins 2008","N","EcoAnalysts Inc.","K. Guild",,,
"2136da8a-f401-4b30-a8d4-af9df0dd4730","D04","CUPE","CUPE.AOS.reach","2019-06-18T11:23Z","2019-09-19","CUPE.20190618.SURBER.8","A00000113319",,"LARSP","Y","Larsia sp.",,"genus","Arthropoda","Hexapoda","Insecta","Pterygota","Neoptera","Holometabola","Diptera","Nematocera","Culicomorpha",,"Chironomidae","Tanypodinae","Pentaneurini",,"Larsia","sp.",,"larva",3,,7,75,9,"N","N",,"condition OK","Y",,"Epler 2001","N","EcoAnalysts Inc.","W. Hoiland",,,
"f3738c11-a6d0-4b78-ad32-e2d735f35131","D04","CUPE","CUPE.AOS.reach","2019-06-18T11:23Z","2019-09-19","CUPE.20190618.SURBER.8","A00000113319",,"LEPSP4","Y","Leptophlebiidae sp.",,"family","Arthropoda","Hexapoda","Insecta","Pterygota","Palaeoptera",,"Ephemeroptera","Furcatergalia","Lanceolata",,"Leptophlebiidae",,,,,"sp.",,"larva",3,,3,75,4,"Y","N",,"damaged, affecting measurement","N",,"Merritt and Cummins 2008","N","EcoAnalysts Inc.","K. Guild","Fragment measured",,
"ddb425ba-3097-42ad-9b01-81208e69fa43","D04","CUPE","CUPE.AOS.reach","2019-06-18T11:23Z","2019-09-19","CUPE.20190618.SURBER.8","A00000113319",,"ACASP1","Y","Acari sp.",,"subclass","Arthropoda","Chelicerata","Arachnida","Acari",,,,,,,,,,,,"sp.",,"none",1,,4,75,5,"N","N",,"condition OK","Y",,"Thorp and Covich 2001","N","EcoAnalysts Inc.","K. Guild",,,
"e878ce40-6712-4355-ae70-a0760287c113","D04","CUPE","CUPE.AOS.reach","2019-06-18T11:23Z","2019-09-19","CUPE.20190618.SURBER.4","A00000113314",,"THISP2","Y","Thienemanniella sp.",,"genus","Arthropoda","Hexapoda","Insecta","Pterygota","Neoptera","Holometabola","Diptera","Nematocera","Culicomorpha",,"Chironomidae","Orthocladiinae",,,"Thienemanniella","sp.",,"larva",2,,5,88,6,"N","N",,"condition OK","Y",,"Epler 2001","N","EcoAnalysts Inc.","W. Hoiland",,,
"66e9eaf3-fde3-4233-901b-c12d6f0c0f40","D04","CUPE","CUPE.AOS.reach","2019-06-18T11:23Z","2019-09-19","CUPE.20190618.SURBER.6","A00000113315",,"LEPSP4","Y","Leptophlebiidae sp.",,"family","Arthropoda","Hexapoda","Insecta","Pterygota","Palaeoptera",,"Ephemeroptera","Furcatergalia","Lanceolata",,"Leptophlebiidae",,,,,"sp.",,"larva",1,,25,100,25,"N","N",,"condition OK","Y",,"Merritt and Cummins 2008","N","EcoAnalysts Inc.","K. Guild",,,
"5e959de0-8a4b-431d-8746-6016f7af89c2","D04","CUPE","CUPE.AOS.reach","2019-06-18T11:23Z","2019-09-19","CUPE.20190618.SURBER.8","A00000113319",,"CLOSP1","Y","Cloeodes sp.",,"genus","Arthropoda","Hexapoda","Insecta","Pterygota","Palaeoptera",,"Ephemeroptera","Pisciforma",,,"Baetidae",,,,"Cloeodes","sp.",,"larva",1,,5,75,7,"N","N",,"damaged, affecting measurement","Y",,"Merritt and Cummins 2008","N","EcoAnalysts Inc.","K. Guild","Fragment measured",,
"f3ffcf84-0363-468d-9712-98cb6157dfe8","D04","CUPE","CUPE.AOS.reach","2019-06-18T11:23Z","2019-09-19","CUPE.20190618.SURBER.2","A00000113317",,"LEPSP4","Y","Leptophlebiidae sp.",,"family","Arthropoda","Hexapoda","Insecta","Pterygota","Palaeoptera",,"Ephemeroptera","Furcatergalia","Lanceolata",,"Leptophlebiidae",,,,,"sp.",,"larva",2,,1,59,2,"Y","N",,"damaged, affecting measurement","N",,"Merritt and Cummins 2008","N","EcoAnalysts Inc.","K. Guild","Fragment measured",,
"eb9a35a6-dfbb-40bf-a63b-582972b5e2eb","D04","CUPE","CUPE.AOS.reach","2019-06-18T11:23Z","2019-09-19","CUPE.20190618.SURBER.6","A00000113315",,"ATRSP3","Y","Atractides sp.",,"genus","Arthropoda","Chelicerata","Arachnida","Acari",,"Acariformes","Trombidiformes","Prostigmata",,"Hygrobatoidea","Hygrobatidae",,,,"Atractides","sp.",,"none",1,,1,100,1,"N","N",,"condition OK","Y",,"Thorp and Covich 2001","N","EcoAnalysts Inc.","K. Guild",,,
"db7a5a53-3890-4f6b-9e71-2f8374dfd3d9","D04","CUPE","CUPE.AOS.reach","2019-06-18T11:23Z","2019-09-19","CUPE.20190618.SURBER.3","A00000113312",,"LEPSP4","Y","Leptophlebiidae sp.",,"family","Arthropoda","Hexapoda","Insecta","Pterygota","Palaeoptera",,"Ephemeroptera","Furcatergalia","Lanceolata",,"Leptophlebiidae",,,,,"sp.",,"larva",3,,6,38,16,"Y","N",,"damaged, affecting taxonomy","N",,"Merritt and Cummins 2008","N","EcoAnalysts Inc.","K. Guild",,,
"81554612-15f2-48f7-977e-a9e04a43921d","D04","CUPE","CUPE.AOS.reach","2019-06-18T11:23Z","2019-09-19","CUPE.20190618.SURBER.5","A00000113318",,"PHASP11","Y","Phanocerus sp.",,"genus","Arthropoda","Hexapoda","Insecta","Pterygota","Neoptera","Holometabola","Coleoptera","Polyphaga","Elateriformia","Byrrhoidea","Elmidae","Larainae",,,"Phanocerus","sp.",,"larva",3,,3,75,4,"N","N",,"condition OK","Y",,"Brown and White 1978","N","EcoAnalysts Inc.","K. Guild",,,
"e90e03aa-e88c-4890-9931-17155b310eef","D04","CUPE","CUPE.AOS.reach","2019-06-18T11:23Z","2019-09-19","CUPE.20190618.SURBER.1","A00000113316",,"LEPSP4","Y","Leptophlebiidae sp.",,"family","Arthropoda","Hexapoda","Insecta","Pterygota","Palaeoptera",,"Ephemeroptera","Furcatergalia","Lanceolata",,"Leptophlebiidae",,,,,"sp.",,"larva",,,2,35,6,"Y","N",,"other (specified in remarks)","N",,"Merritt and Cummins 2008","Y","EcoAnalysts Inc.","K. Guild","Specimen lost/not measured",,
"7988d007-f3bc-4eb2-9a16-24a1a0a667a4","D04","CUPE","CUPE.AOS.reach","2019-06-18T11:23Z","2019-09-19","CUPE.20190618.SURBER.1","A00000113316",,"LIBSP","Y","Libellulidae sp.",,"family","Arthropoda","Hexapoda","Insecta","Pterygota","Palaeoptera",,"Odonata","Anisoptera",,,"Libellulidae",,,,,"sp.",,"larva",1,,1,35,3,"N","N",,"condition OK","Y",,"Needham, Westfall and May 2000","Y","EcoAnalysts Inc.","K. Guild",,,
"3fca8d84-8170-4c1f-b463-7ad2307dd103","D04","CUPE","CUPE.AOS.reach","2019-06-18T11:23Z","2019-09-19","CUPE.20190618.SURBER.2","A00000113317",,"CRISP6","Y","Cricotopus/Orthocladius sp.",,"speciesGroup","Arthropoda","Hexapoda","Insecta","Pterygota","Neoptera","Holometabola","Diptera","Nematocera","Culicomorpha",,"Chironomidae","Orthocladiinae",,,"Cricotopus/Orthocladius","sp.",,"larva",1,,14,59,24,"Y","N",,"condition OK","N",,"Epler 2001, and Maschwitz and Cook 2000","N","EcoAnalysts Inc.","W. Hoiland",,,
"cee6a2d5-2f91-4fc4-8153-b2edfc229c99","D04","CUPE","CUPE.AOS.reach","2019-06-18T11:23Z","2019-09-19","CUPE.20190618.SURBER.2","A00000113317",,"HELSP7","Y","Helicopsyche sp.",,"genus","Arthropoda","Hexapoda","Insecta","Pterygota","Neoptera","Holometabola","Trichoptera",,,"Sericostomatoidea","Helicopsychidae",,,,"Helicopsyche","sp.",,"larva",1,,4,59,7,"N","N",,"condition OK","Y",,"Wiggins 1996","N","EcoAnalysts Inc.","K. Guild",,,
"80b0905d-2b66-41a2-acba-77900eb0d77e","D04","CUPE","CUPE.AOS.reach","2019-06-18T11:23Z","2019-09-19","CUPE.20190618.SURBER.5","A00000113318",,"LEPSP4","Y","Leptophlebiidae sp.",,"family","Arthropoda","Hexapoda","Insecta","Pterygota","Palaeoptera",,"Ephemeroptera","Furcatergalia","Lanceolata",,"Leptophlebiidae",,,,,"sp.",,"larva",2,,3,75,4,"Y","N",,"damaged, affecting measurement","N",,"Merritt and Cummins 2008","N","EcoAnalysts Inc.","K. Guild","Fragment measured",,
"7f3d7f58-e87d-45a7-aa5b-abdf8b124041","D04","CUPE","CUPE.AOS.reach","2019-06-18T11:23Z","2019-09-19","CUPE.20190618.SURBER.3","A00000113312",,"POLSP5","Y","Polycentropodidae sp.",,"family","Arthropoda","Hexapoda","Insecta","Pterygota","Neoptera","Holometabola","Trichoptera",,,"Hydropsychoidea","Polycentropodidae",,,,,"sp.",,"larva",1,,1,38,3,"Y","N",,"condition OK","N",,"Wiggins 1996","N","EcoAnalysts Inc.","K. Guild",,,
"957beb5d-23bf-4b16-b40f-fcaa99f330ba","D04","CUPE","CUPE.AOS.reach","2019-06-18T11:23Z","2019-09-19","CUPE.20190618.SURBER.3","A00000113312",,"PENSP7","Y","Pentaneura sp.",,"genus","Arthropoda","Hexapoda","Insecta","Pterygota","Neoptera","Holometabola","Diptera","Nematocera","Culicomorpha",,"Chironomidae","Tanypodinae","Pentaneurini",,"Pentaneura","sp.",,"larva",3,,4,38,11,"N","N",,"condition OK","Y",,"Epler 2001, and Maschwitz and Cook 2000","N","EcoAnalysts Inc.","W. Hoiland",,,
"4cd9473c-d295-4bcd-ad05-92a33e6ed439","D04","CUPE","CUPE.AOS.reach","2019-06-18T11:23Z","2019-09-19","CUPE.20190618.SURBER.2","A00000113317",,"FARSP","Y","Farrodes sp.",,"genus","Arthropoda","Hexapoda","Insecta","Pterygota","Palaeoptera",,"Ephemeroptera","Furcatergalia","Lanceolata",,"Leptophlebiidae",,,,"Farrodes","sp.",,"larva",5,,1,59,2,"N","N",,"condition OK","Y",,"Merritt and Cummins 2008","N","EcoAnalysts Inc.","K. Guild",,,
"792cf5c7-8fc0-402f-8879-be90955f9a13","D04","CUPE","CUPE.AOS.reach","2019-06-18T11:23Z","2019-09-19","CUPE.20190618.SURBER.4","A00000113314",,"CHISP7","Y","Chimarra sp.",,"genus","Arthropoda","Hexapoda","Insecta","Pterygota","Neoptera","Holometabola","Trichoptera",,,"Philopotamoidea","Philopotamidae","Chimarrinae",,,"Chimarra","sp.",,"larva",3,,1,88,1,"N","N",,"condition OK","Y",,"Wiggins 1996","N","EcoAnalysts Inc.","K. Guild",,,
"75afb7da-6d69-4ce9-ad7e-680a0693f06e","D04","CUPE","CUPE.AOS.reach","2019-06-18T11:23Z","2019-09-19","CUPE.20190618.SURBER.6","A00000113315",,"ANTTUB","Y","Antillopsyche tubicola",,"species","Arthropoda","Hexapoda","Insecta","Pterygota","Neoptera","Holometabola","Trichoptera",,,"Hydropsychoidea","Polycentropodidae","Polycentropodinae",,,"Antillopsyche","tubicola",,"larva",1,,1,100,1,"N","N",,"damaged, affecting measurement","Y",,"Wiggins 1996","N","EcoAnalysts Inc.","K. Guild","Fragment measured",,
"381ea201-b65c-41dc-bcb6-5920205aaeff","D04","CUPE","CUPE.AOS.reach","2019-06-18T11:23Z","2019-09-19","CUPE.20190618.SURBER.3","A00000113312",,"THISP2","Y","Thienemanniella sp.",,"genus","Arthropoda","Hexapoda","Insecta","Pterygota","Neoptera","Holometabola","Diptera","Nematocera","Culicomorpha",,"Chironomidae","Orthocladiinae",,,"Thienemanniella","sp.",,"larva",2,,3,38,8,"N","N",,"condition OK","Y",,"Epler 2001","N","EcoAnalysts Inc.","W. Hoiland",,,
"d1a23e93-ec6e-4720-9ac0-f6106b2eee68","D04","CUPE","CUPE.AOS.reach","2019-06-18T11:23Z","2019-09-19","CUPE.20190618.SURBER.1","A00000113316",,"STESP8","Y","Stenochironomus sp.",,"genus","Arthropoda","Hexapoda","Insecta","Pterygota","Neoptera","Holometabola","Diptera","Nematocera","Culicomorpha",,"Chironomidae","Chironominae","Chironomini",,"Stenochironomus","sp.",,"larva",1,,1,35,3,"N","N",,"damaged, affecting measurement","Y",,"Epler 2001","Y","EcoAnalysts Inc.","W. Hoiland","Fragment measured",,
"db748d28-f500-46f6-8bd8-1c1cf3e7637f","D04","CUPE","CUPE.AOS.reach","2019-06-18T11:23Z","2019-09-19","CUPE.20190618.SURBER.2","A00000113317",,"TURSP","Y","Turbellaria sp.",,"class","Platyhelminthes",,"Turbellaria",,,,,,,,,,,,,"sp.",,"none",2,,1,59,2,"N","N",,"condition OK","Y",,"Thorp and Covich 2001","N","EcoAnalysts Inc.","K. Guild",,,
"c42cb6b5-9305-4307-90ed-1b8762cc0dbf","D04","CUPE","CUPE.AOS.reach","2019-06-18T11:23Z","2019-09-19","CUPE.20190618.SURBER.3","A00000113312",,"ACASP1","Y","Acari sp.",,"subclass","Arthropoda","Chelicerata","Arachnida","Acari",,,,,,,,,,,,"sp.",,"none",1,,4,38,11,"N","N",,"condition OK","Y",,"Thorp and Covich 2001","N","EcoAnalysts Inc.","K. Guild",,,
"b480c9ec-072b-4220-9cc1-c72d7d2fa6a0","D04","CUPE","CUPE.AOS.reach","2019-06-18T11:23Z","2019-09-19","CUPE.20190618.SURBER.5","A00000113318",,"PARSP26","Y","Parametriocnemus sp.",,"genus","Arthropoda","Hexapoda","Insecta","Pterygota","Neoptera","Holometabola","Diptera","Nematocera","Culicomorpha",,"Chironomidae","Orthocladiinae",,,"Parametriocnemus","sp.",,"larva",2,,5,75,7,"N","N",,"condition OK","Y",,"Epler 2001","N","EcoAnalysts Inc.","W. Hoiland",,,
"0af55659-71ed-4b59-a22b-fed72e0abc65","D04","CUPE","CUPE.AOS.reach","2019-06-18T11:23Z","2019-09-19","CUPE.20190618.SURBER.4","A00000113314",,"HEXSP4","Y","Hexacylloepus sp.",,"genus","Arthropoda","Hexapoda","Insecta","Pterygota","Neoptera","Holometabola","Coleoptera","Polyphaga","Elateriformia","Byrrhoidea","Elmidae","Elminae","Elmini",,"Hexacylloepus","sp.",,"larva",2,,6,88,7,"N","N",,"condition OK","Y",,"Brown and White 1978","N","EcoAnalysts Inc.","K. Guild",,,
"33c9dd8e-2120-4610-8f0e-51347bc44fe5","D04","CUPE","CUPE.AOS.reach","2019-06-18T11:23Z","2019-09-19","CUPE.20190618.SURBER.4","A00000113314",,"PETSP4","Y","Petrophila sp.",,"genus","Arthropoda","Hexapoda","Insecta","Pterygota","Neoptera","Holometabola","Lepidoptera",,,"Pyraloidea","Crambidae","Nymphulinae","Argyractini",,"Petrophila","sp.",,"larva",2,,43,88,49,"N","N",,"condition OK","Y",,"Merritt and Cummins 2008","N","EcoAnalysts Inc.","K. Guild",,,
"d318c03e-3402-405e-b0dd-9cdb8c1cd699","D04","CUPE","CUPE.AOS.reach","2019-06-18T11:23Z","2019-09-19","CUPE.20190618.SURBER.4","A00000113314",,"HEXSP4","Y","Hexacylloepus sp.",,"genus","Arthropoda","Hexapoda","Insecta","Pterygota","Neoptera","Holometabola","Coleoptera","Polyphaga","Elateriformia","Byrrhoidea","Elmidae","Elminae","Elmini",,"Hexacylloepus","sp.",,"larva",1,,1,88,1,"N","N",,"damaged, affecting measurement","Y",,"Brown and White 1978","N","EcoAnalysts Inc.","K. Guild","Fragment measured",,
"c7f63489-c1b4-4b06-9cc4-0bdf435fb1d3","D04","CUPE","CUPE.AOS.reach","2019-06-18T11:23Z","2019-09-19","CUPE.20190618.SURBER.4","A00000113314",,"PETSP4","Y","Petrophila sp.",,"genus","Arthropoda","Hexapoda","Insecta","Pterygota","Neoptera","Holometabola","Lepidoptera",,,"Pyraloidea","Crambidae","Nymphulinae","Argyractini",,"Petrophila","sp.",,"larva",6,,1,88,1,"N","N",,"condition OK","Y",,"Merritt and Cummins 2008","N","EcoAnalysts Inc.","K. Guild",,,
"c60d156a-0a2a-437d-b10a-f7623979428f","D04","CUPE","CUPE.AOS.reach","2019-06-18T11:23Z","2019-09-19","CUPE.20190618.SURBER.5","A00000113318",,"STESP8","Y","Stenochironomus sp.",,"genus","Arthropoda","Hexapoda","Insecta","Pterygota","Neoptera","Holometabola","Diptera","Nematocera","Culicomorpha",,"Chironomidae","Chironominae","Chironomini",,"Stenochironomus","sp.",,"larva",1,,2,75,3,"N","N",,"condition OK","Y",,"Epler 2001","N","EcoAnalysts Inc.","K. Guild",,,
"a0b70fd1-7582-4f50-b3cf-c8d64f42a57b","D04","CUPE","CUPE.AOS.reach","2019-06-18T11:23Z","2019-09-19","CUPE.20190618.SURBER.3","A00000113312",,"PETSP4","Y","Petrophila sp.",,"genus","Arthropoda","Hexapoda","Insecta","Pterygota","Neoptera","Holometabola","Lepidoptera",,,"Pyraloidea","Crambidae","Nymphulinae","Argyractini",,"Petrophila","sp.",,"larva",7,,1,38,3,"N","N",,"condition OK","Y",,"Merritt and Cummins 2008","N","EcoAnalysts Inc.","K. Guild",,,
"9647b679-6b16-4dec-a64a-e2c76f7eb09b","D04","CUPE","CUPE.AOS.reach","2019-06-18T11:23Z","2019-09-19","CUPE.20190618.SURBER.1","A00000113316","CUPE.20190618.SURBER.1_ORTHOCLADIINAE SP.","THISP2","Y","Thienemanniella sp.",,"genus","Arthropoda","Hexapoda","Insecta","Pterygota","Neoptera","Holometabola","Diptera","Nematocera","Culicomorpha",,"Chironomidae","Orthocladiinae",,,"Thienemanniella","sp.",,"larva",2,,4,35,11,"N","N",,"condition OK","Y",,"Epler 2001","Y","EcoAnalysts Inc.","W. Hoiland",,,
"447903b5-e3b6-4400-9739-f9d1f917b1bd","D04","CUPE","CUPE.AOS.reach","2019-06-18T11:23Z","2019-09-19","CUPE.20190618.SURBER.8","A00000113319","CUPE.20190618.SURBER.8_ABLABESMYIA (KARELIA) SP.","ABLKAR","Y","Ablabesmyia (Karelia) sp.",,"subgenus","Arthropoda","Hexapoda","Insecta","Pterygota","Neoptera","Holometabola","Diptera","Nematocera","Culicomorpha",,"Chironomidae","Tanypodinae","Pentaneurini",,"Ablabesmyia","sp.",,"pupa",3,,1,75,1,"N","N",,"condition OK","Y",,"Epler 2001, and Maschwitz and Cook 2000","N","EcoAnalysts Inc.","W. Hoiland",,,
"f8e32270-86e4-4f11-8324-ac702b5199cf","D04","CUPE","CUPE.AOS.reach","2019-06-18T11:23Z","2019-09-19","CUPE.20190618.SURBER.4","A00000113314",,"PETSP4","Y","Petrophila sp.",,"genus","Arthropoda","Hexapoda","Insecta","Pterygota","Neoptera","Holometabola","Lepidoptera",,,"Pyraloidea","Crambidae","Nymphulinae","Argyractini",,"Petrophila","sp.",,"larva",8,,2,88,2,"N","N",,"condition OK","Y",,"Merritt and Cummins 2008","N","EcoAnalysts Inc.","K. Guild",,,
"d7eb5171-b2c1-4a51-b9b7-72f50938624c","D04","CUPE","CUPE.AOS.reach","2019-06-18T11:23Z","2019-09-19","CUPE.20190618.SURBER.2","A00000113317",,"RHEEXI","Y","Rheotanytarsus exiguus gr.",,"speciesGroup","Arthropoda","Hexapoda","Insecta","Pterygota","Neoptera","Holometabola","Diptera","Nematocera","Culicomorpha",,"Chironomidae","Chironominae","Tanytarsini",,"Rheotanytarsus","exiguus gr.",,"larva",2,,5,59,9,"N","N",,"condition OK","Y",,"Epler 2001","N","EcoAnalysts Inc.","W. Hoiland",,,
"d7987fd9-d6a5-44d7-ae22-2267c0521d87","D04","CUPE","CUPE.AOS.reach","2019-06-18T11:23Z","2019-09-19","CUPE.20190618.SURBER.8","A00000113319","CUPE.20190618.SURBER.8_ABLABESMYIA (KARELIA) SP.","ABLKAR","Y","Ablabesmyia (Karelia) sp.",,"subgenus","Arthropoda","Hexapoda","Insecta","Pterygota","Neoptera","Holometabola","Diptera","Nematocera","Culicomorpha",,"Chironomidae","Tanypodinae","Pentaneurini",,"Ablabesmyia","sp.",,"larva",3,,4,75,5,"N","N",,"condition OK","Y",,"Epler 2001, and Maschwitz and Cook 2000","N","EcoAnalysts Inc.","W. Hoiland",,,
"44c0584e-a835-42ae-995f-e30e70409c56","D04","CUPE","CUPE.AOS.reach","2019-06-18T11:23Z","2019-09-19","CUPE.20190618.SURBER.5","A00000113318",,"PETSP4","Y","Petrophila sp.",,"genus","Arthropoda","Hexapoda","Insecta","Pterygota","Neoptera","Holometabola","Lepidoptera",,,"Pyraloidea","Crambidae","Nymphulinae","Argyractini",,"Petrophila","sp.",,"larva",2,,1,75,1,"N","N",,"condition OK","Y",,"Merritt and Cummins 2008","N","EcoAnalysts Inc.","K. Guild",,,
"c5647275-3d6b-42d3-b558-2b93cc01bc84","D04","CUPE","CUPE.AOS.reach","2019-06-18T11:23Z","2019-09-19","CUPE.20190618.SURBER.7","A00000113313",,"LIBSP","Y","Libellulidae sp.",,"family","Arthropoda","Hexapoda","Insecta","Pterygota","Palaeoptera",,"Odonata","Anisoptera",,,"Libellulidae",,,,,"sp.",,"larva",2,,1,100,1,"N","N",,"condition OK","Y",,"Needham, Westfall and May 2000","N","EcoAnalysts Inc.","K. Guild",,,
"b3e76976-217d-4e78-8921-80c89e93bbc2","D04","CUPE","CUPE.AOS.reach","2019-06-18T11:23Z","2019-09-19","CUPE.20190618.SURBER.2","A00000113317",,"CRISP2","Y","Cricotopus sp.",,"genus","Arthropoda","Hexapoda","Insecta","Pterygota","Neoptera","Holometabola","Diptera","Nematocera","Culicomorpha",,"Chironomidae","Orthocladiinae",,,"Cricotopus","sp.",,"larva",3,,50,59,85,"N","N",,"condition OK","Y",,"Epler 2001, and Maschwitz and Cook 2000","N","EcoAnalysts Inc.","W. Hoiland",,,
"5cdd12c4-0c04-4599-9586-2677437b6df4","D04","CUPE","CUPE.AOS.reach","2019-06-18T11:23Z","2019-09-19","CUPE.20190618.SURBER.2","A00000113317",,"NEOSP27","Y","Neoelmis sp.",,"genus","Arthropoda","Hexapoda","Insecta","Pterygota","Neoptera","Holometabola","Coleoptera","Polyphaga","Elateriformia","Byrrhoidea","Elmidae","Elminae","Elmini",,"Neoelmis","sp.",,"larva",1,,1,59,2,"N","N",,"condition OK","Y",,"Brown and White 1978","N","EcoAnalysts Inc.","K. Guild",,,
"a9e07351-973c-4791-97d1-3d7dc1a017e1","D04","CUPE","CUPE.AOS.reach","2019-06-18T11:23Z","2019-09-19","CUPE.20190618.SURBER.5","A00000113318",,"LEPSP4","Y","Leptophlebiidae sp.",,"family","Arthropoda","Hexapoda","Insecta","Pterygota","Palaeoptera",,"Ephemeroptera","Furcatergalia","Lanceolata",,"Leptophlebiidae",,,,,"sp.",,"larva",3,,2,75,3,"Y","N",,"damaged, affecting taxonomy","N",,"Merritt and Cummins 2008","N","EcoAnalysts Inc.","K. Guild",,,
"0f635a36-e8f0-4ce5-abf1-b4cd22bd4b55","D04","CUPE","CUPE.AOS.reach","2019-06-18T11:23Z","2019-09-19","CUPE.20190618.SURBER.3","A00000113312",,"STESP8","Y","Stenochironomus sp.",,"genus","Arthropoda","Hexapoda","Insecta","Pterygota","Neoptera","Holometabola","Diptera","Nematocera","Culicomorpha",,"Chironomidae","Chironominae","Chironomini",,"Stenochironomus","sp.",,"larva",5,,2,38,5,"N","N",,"condition OK","Y",,"Epler 2001","N","EcoAnalysts Inc.","K. Guild",,,
"f27bafc1-9056-4b6b-acc5-1157dd0425aa","D04","CUPE","CUPE.AOS.reach","2019-06-18T11:23Z","2019-09-19","CUPE.20190618.SURBER.7","A00000113313",,"PETSP4","Y","Petrophila sp.",,"genus","Arthropoda","Hexapoda","Insecta","Pterygota","Neoptera","Holometabola","Lepidoptera",,,"Pyraloidea","Crambidae","Nymphulinae","Argyractini",,"Petrophila","sp.",,"larva",3,,3,100,3,"N","N",,"condition OK","Y",,"Merritt and Cummins 2008","N","EcoAnalysts Inc.","K. Guild",,,
"da82ef88-74f6-4662-b536-27ee0d339e73","D04","CUPE","CUPE.AOS.reach","2019-06-18T11:23Z","2019-09-19","CUPE.20190618.SURBER.3","A00000113312",,"HEXSP4","Y","Hexacylloepus sp.",,"genus","Arthropoda","Hexapoda","Insecta","Pterygota","Neoptera","Holometabola","Coleoptera","Polyphaga","Elateriformia","Byrrhoidea","Elmidae","Elminae","Elmini",,"Hexacylloepus","sp.",,"larva",2,,1,38,3,"N","N",,"condition OK","Y",,"Brown and White 1978","N","EcoAnalysts Inc.","K. Guild",,,
"9301d7ad-5f13-4127-958a-d5be488972ca","D04","CUPE","CUPE.AOS.reach","2019-06-18T11:23Z","2019-09-19","CUPE.20190618.SURBER.4","A00000113314",,"PETSP4","Y","Petrophila sp.",,"genus","Arthropoda","Hexapoda","Insecta","Pterygota","Neoptera","Holometabola","Lepidoptera",,,"Pyraloidea","Crambidae","Nymphulinae","Argyractini",,"Petrophila","sp.",,"larva",7,,3,88,3,"N","N",,"condition OK","Y",,"Merritt and Cummins 2008","N","EcoAnalysts Inc.","K. Guild",,,
"a4e2b93e-2aa1-47a4-9be3-abdfe9eedd42","D04","CUPE","CUPE.AOS.reach","2019-06-18T11:23Z","2019-09-19","CUPE.20190618.SURBER.3","A00000113312",,"LIBSP","Y","Libellulidae sp.",,"family","Arthropoda","Hexapoda","Insecta","Pterygota","Palaeoptera",,"Odonata","Anisoptera",,,"Libellulidae",,,,,"sp.",,"larva",2,,1,38,3,"N","N",,"condition OK","Y",,"Needham, Westfall and May 2000","N","EcoAnalysts Inc.","K. Guild",,,
"9ef52d09-f913-46c3-86e9-20cbbefac801","D04","CUPE","CUPE.AOS.reach","2019-06-18T11:23Z","2019-09-19","CUPE.20190618.SURBER.3","A00000113312",,"HAGSP3","Y","Hagenulopsis sp.",,"genus","Arthropoda","Hexapoda","Insecta","Pterygota","Palaeoptera",,"Ephemeroptera","Furcatergalia","Lanceolata",,"Leptophlebiidae",,,,"Hagenulopsis","sp.",,"larva",4,,2,38,5,"N","N",,"condition OK","Y",,"Peters,1971","N","EcoAnalysts Inc.","K. Guild",,,
"10731b94-651a-4c03-8711-847733051fcb","D04","CUPE","CUPE.AOS.reach","2019-06-18T11:23Z","2019-09-19","CUPE.20190618.SURBER.1","A00000113316",,"CARSP14","Y","Cariboptila sp.",,"genus","Arthropoda","Hexapoda","Insecta","Pterygota","Neoptera","Holometabola","Trichoptera",,,"Glossosomatoidea","Glossosomatidae","Protoptilinae",,,"Cariboptila","sp.",,"larva",1,,1,35,3,"N","N",,"damaged, affecting measurement","Y",,"Wiggins 1996","Y","EcoAnalysts Inc.","K. Guild","Fragment measured",,
"b518369c-accd-4f6c-afb0-5abb6e2d9342","D04","CUPE","CUPE.AOS.reach","2019-06-18T11:23Z","2019-09-19","CUPE.20190618.SURBER.3","A00000113312",,"CRISP2","Y","Cricotopus sp.",,"genus","Arthropoda","Hexapoda","Insecta","Pterygota","Neoptera","Holometabola","Diptera","Nematocera","Culicomorpha",,"Chironomidae","Orthocladiinae",,,"Cricotopus","sp.",,"larva",2,,8,38,21,"N","N",,"condition OK","Y",,"Epler 2001, and Maschwitz and Cook 2000","N","EcoAnalysts Inc.","W. Hoiland",,,
"906c6cf3-5eb2-4874-a573-79103214bf68","D04","CUPE","CUPE.AOS.reach","2019-06-18T11:23Z","2019-09-19","CUPE.20190618.SURBER.2","A00000113317",,"LEPSP4","Y","Leptophlebiidae sp.",,"family","Arthropoda","Hexapoda","Insecta","Pterygota","Palaeoptera",,"Ephemeroptera","Furcatergalia","Lanceolata",,"Leptophlebiidae",,,,,"sp.",,"larva",1,,19,59,32,"Y","N",,"damaged, affecting taxonomy","N",,"Merritt and Cummins 2008","N","EcoAnalysts Inc.","K. Guild",,,
"c1530e1c-f98e-40a4-adff-f7189a939053","D04","CUPE","CUPE.AOS.reach","2019-06-18T11:23Z","2019-09-19","CUPE.20190618.SURBER.6","A00000113315",,"ANTTUB","Y","Antillopsyche tubicola",,"species","Arthropoda","Hexapoda","Insecta","Pterygota","Neoptera","Holometabola","Trichoptera",,,"Hydropsychoidea","Polycentropodidae","Polycentropodinae",,,"Antillopsyche","tubicola",,"larva",5,,1,100,1,"N","N",,"condition OK","Y",,"Wiggins 1996","N","EcoAnalysts Inc.","K. Guild",,,
"1f296c5a-6932-46b0-a2c8-7b34d8753074","D04","CUPE","CUPE.AOS.reach","2019-06-18T11:23Z","2019-09-19","CUPE.20190618.SURBER.8","A00000113319",,"ATRSP3","Y","Atractides sp.",,"genus","Arthropoda","Chelicerata","Arachnida","Acari",,"Acariformes","Trombidiformes","Prostigmata",,"Hygrobatoidea","Hygrobatidae",,,,"Atractides","sp.",,"none",1,,1,75,1,"N","N",,"condition OK","Y",,"Thorp and Covich 2001","N","EcoAnalysts Inc.","K. Guild",,,
"243f2da9-070b-4b0f-acbe-85b82496f542","D04","CUPE","CUPE.AOS.reach","2019-06-18T11:23Z","2019-09-19","CUPE.20190618.SURBER.4","A00000113314",,"NEOSP27","Y","Neoelmis sp.",,"genus","Arthropoda","Hexapoda","Insecta","Pterygota","Neoptera","Holometabola","Coleoptera","Polyphaga","Elateriformia","Byrrhoidea","Elmidae","Elminae","Elmini",,"Neoelmis","sp.",,"larva",2,,1,88,1,"N","N",,"condition OK","Y",,"Brown and White 1978","N","EcoAnalysts Inc.","K. Guild",,,
"46688d7a-661d-4a52-ac74-0aca2173971f","D04","CUPE","CUPE.AOS.reach","2019-06-18T11:23Z","2019-09-19","CUPE.20190618.SURBER.8","A00000113319",,"TANSP11","Y","Tanytarsus sp.",,"genus","Arthropoda","Hexapoda","Insecta","Pterygota","Neoptera","Holometabola","Diptera","Nematocera","Culicomorpha",,"Chironomidae","Chironominae","Tanytarsini",,"Tanytarsus","sp.",,"larva",3,,2,75,3,"N","N",,"condition OK","Y",,"Epler 2001","N","EcoAnalysts Inc.","W. Hoiland",,,
"7e8e756e-54e9-4ab5-be2a-37a47de5c350","D04","CUPE","CUPE.AOS.reach","2019-06-18T11:23Z","2019-09-19","CUPE.20190618.SURBER.1","A00000113316",,"ALISP","Y","Alisotrichia sp.",,"genus","Arthropoda","Hexapoda","Insecta","Pterygota","Neoptera","Holometabola","Trichoptera",,,"Hydroptiloidea","Hydroptilidae","Hydroptilinae","Leucotrichiini",,"Alisotrichia","sp.",,"larva",1,,1,35,3,"N","N",,"condition OK","Y",,"Wiggins 1996","Y","EcoAnalysts Inc.","K. Guild",,,
"a5300d15-d96e-4142-8e29-47305b1a0eec","D04","CUPE","CUPE.AOS.reach","2019-06-18T11:23Z","2019-09-19","CUPE.20190618.SURBER.5","A00000113318",,"CORSP19","Y","Corynoneura sp.",,"genus","Arthropoda","Hexapoda","Insecta","Pterygota","Neoptera","Holometabola","Diptera","Nematocera","Culicomorpha",,"Chironomidae","Orthocladiinae",,,"Corynoneura","sp.",,"pupa",2,,1,75,1,"N","N",,"condition OK","Y",,"Epler 2001","N","EcoAnalysts Inc.","W. Hoiland",,,
"ed803dde-3187-4036-96db-10dda3d2d574","D04","CUPE","CUPE.AOS.reach","2019-06-18T11:23Z","2019-09-19","CUPE.20190618.SURBER.3","A00000113312",,"EPISIN","Y","Epilobocera sinuatifrons",,"species","Arthropoda","Crustacea","Malacostraca","Eumalacostraca",,"Eucarida","Decapoda","Pleocyemata","Brachyura","Pseudothelphusoidea","Pseudothelphusidae",,,,"Epilobocera","sinuatifrons",,"none",5,,2,38,5,"N","N",,"condition OK","Y",,"EPA Identification Manual #9","N","EcoAnalysts Inc.","K. Guild",,,
"7a4110ef-6c55-453d-b474-285d768586fb","D04","CUPE","CUPE.AOS.reach","2019-06-18T11:23Z","2019-09-19","CUPE.20190618.SURBER.5","A00000113318",,"GLOSP1","Y","Glossosomatidae sp.",,"family","Arthropoda","Hexapoda","Insecta","Pterygota","Neoptera","Holometabola","Trichoptera",,,"Glossosomatoidea","Glossosomatidae",,,,,"sp.",,"larva",1,,1,75,1,"Y","N",,"condition OK","N",,"Wiggins 1996","N","EcoAnalysts Inc.","K. Guild",,,
"b2a78857-900e-416a-b2bd-dfb2b5d35026","D04","CUPE","CUPE.AOS.reach","2019-06-18T11:23Z","2019-09-19","CUPE.20190618.SURBER.3","A00000113312",,"THISP2","Y","Thienemanniella sp.",,"genus","Arthropoda","Hexapoda","Insecta","Pterygota","Neoptera","Holometabola","Diptera","Nematocera","Culicomorpha",,"Chironomidae","Orthocladiinae",,,"Thienemanniella","sp.",,"pupa",1,,1,38,3,"N","N",,"condition OK","Y",,"Epler 2001","N","EcoAnalysts Inc.","W. Hoiland",,,
"795c413d-cbd6-4850-9ab2-ad9bce9dec97","D04","CUPE","CUPE.AOS.reach","2019-06-18T11:23Z","2019-09-19","CUPE.20190618.SURBER.2","A00000113317",,"PHASP11","Y","Phanocerus sp.",,"genus","Arthropoda","Hexapoda","Insecta","Pterygota","Neoptera","Holometabola","Coleoptera","Polyphaga","Elateriformia","Byrrhoidea","Elmidae","Larainae",,,"Phanocerus","sp.",,"larva",3,,1,59,2,"N","N",,"condition OK","Y",,"Brown and White 1978","N","EcoAnalysts Inc.","K. Guild",,,
"afa33c0b-e530-4c10-8fdd-10af85334e69","D04","CUPE","CUPE.AOS.reach","2019-06-18T11:23Z","2019-09-19","CUPE.20190618.SURBER.2","A00000113317",,"LARSP","Y","Larsia sp.",,"genus","Arthropoda","Hexapoda","Insecta","Pterygota","Neoptera","Holometabola","Diptera","Nematocera","Culicomorpha",,"Chironomidae","Tanypodinae","Pentaneurini",,"Larsia","sp.",,"larva",2,,1,59,2,"N","N",,"condition OK","Y",,"Epler 2001","N","EcoAnalysts Inc.","W. Hoiland",,,
"7cbdb476-25d2-4b97-b05f-c763b6c40759","D04","CUPE","CUPE.AOS.reach","2019-06-18T11:23Z","2019-09-19","CUPE.20190618.SURBER.5","A00000113318",,"FALSP","Y","Fallceon sp.",,"genus","Arthropoda","Hexapoda","Insecta","Pterygota","Palaeoptera",,"Ephemeroptera","Pisciforma",,,"Baetidae",,,,"Fallceon","sp.",,"larva",1,,1,75,1,"N","N",,"damaged, affecting measurement","Y",,"Merritt and Cummins 2008","N","EcoAnalysts Inc.","K. Guild","Fragment measured",,
"c44d10d6-c797-4bbc-b0a6-e7671df15b9d","D04","CUPE","CUPE.AOS.reach","2019-06-18T11:23Z","2019-09-19","CUPE.20190618.SURBER.2","A00000113317",,"TANSP11","Y","Tanytarsus sp.",,"genus","Arthropoda","Hexapoda","Insecta","Pterygota","Neoptera","Holometabola","Diptera","Nematocera","Culicomorpha",,"Chironomidae","Chironominae","Tanytarsini",,"Tanytarsus","sp.",,"larva",3,,2,59,3,"N","N",,"condition OK","Y",,"Epler 2001","N","EcoAnalysts Inc.","W. Hoiland",,,
"3b085f2f-8494-47a5-8d4b-2c1ddf54337a","D04","CUPE","CUPE.AOS.reach","2019-06-18T11:23Z","2019-09-19","CUPE.20190618.SURBER.4","A00000113314",,"CRISP6","Y","Cricotopus/Orthocladius sp.",,"speciesGroup","Arthropoda","Hexapoda","Insecta","Pterygota","Neoptera","Holometabola","Diptera","Nematocera","Culicomorpha",,"Chironomidae","Orthocladiinae",,,"Cricotopus/Orthocladius","sp.",,"larva",1,,12,88,14,"Y","N",,"condition OK","N",,"Epler 2001, and Maschwitz and Cook 2000","N","EcoAnalysts Inc.","W. Hoiland",,,
"5e4a6290-68e3-480e-aaaf-f14e22c9348f","D04","CUPE","CUPE.AOS.reach","2019-06-18T11:23Z","2019-09-19","CUPE.20190618.SURBER.5","A00000113318",,"FARSP","Y","Farrodes sp.",,"genus","Arthropoda","Hexapoda","Insecta","Pterygota","Palaeoptera",,"Ephemeroptera","Furcatergalia","Lanceolata",,"Leptophlebiidae",,,,"Farrodes","sp.",,"larva",3,,2,75,3,"N","N",,"condition OK","Y",,"Merritt and Cummins 2008","N","EcoAnalysts Inc.","K. Guild",,,
"87fb3601-336c-40aa-a6f4-78cd19e19240","D04","CUPE","CUPE.AOS.reach","2019-06-18T11:23Z","2019-09-19","CUPE.20190618.SURBER.5","A00000113318",,"PHASP11","Y","Phanocerus sp.",,"genus","Arthropoda","Hexapoda","Insecta","Pterygota","Neoptera","Holometabola","Coleoptera","Polyphaga","Elateriformia","Byrrhoidea","Elmidae","Larainae",,,"Phanocerus","sp.",,"larva",1,,1,75,1,"N","N",,"damaged, affecting measurement","Y",,"Brown and White 1978","N","EcoAnalysts Inc.","K. Guild","Fragment measured",,
"7fe4c027-3402-4dd4-bb42-ed07991ec847","D04","CUPE","CUPE.AOS.reach","2019-06-18T11:23Z","2019-09-19","CUPE.20190618.SURBER.6","A00000113315",,"LIBSP","Y","Libellulidae sp.",,"family","Arthropoda","Hexapoda","Insecta","Pterygota","Palaeoptera",,"Odonata","Anisoptera",,,"Libellulidae",,,,,"sp.",,"larva",2,,1,100,1,"N","N",,"condition OK","Y",,"Needham, Westfall and May 2000","N","EcoAnalysts Inc.","K. Guild",,,
"74187553-93dc-4815-b6a6-4a3f97292a36","D04","CUPE","CUPE.AOS.reach","2019-06-18T11:23Z","2019-09-19","CUPE.20190618.SURBER.2","A00000113317",,"ATOTRI","Y","Atopsyche trifida",,"species","Arthropoda","Hexapoda","Insecta","Pterygota","Neoptera","Holometabola","Trichoptera",,,"Rhyacophiloidea","Hydrobiosidae","Hydrobiosinae","Hydrobiosini",,"Atopsyche","trifida",,"larva",3,,1,59,2,"N","N",,"condition OK","Y",,"Wiggins 1996","N","EcoAnalysts Inc.","K. Guild",,,
"906b1b7b-ab46-424e-84e7-a81e67f7d120","D04","CUPE","CUPE.AOS.reach","2019-06-18T11:23Z","2019-09-19","CUPE.20190618.SURBER.7","A00000113313",,"CERSP10","Y","Ceratopogoninae sp.",,"subfamily","Arthropoda","Hexapoda","Insecta","Pterygota","Neoptera","Holometabola","Diptera","Nematocera","Culicomorpha",,"Ceratopogonidae","Ceratopogoninae",,,,"sp.",,"larva",6,,1,100,1,"N","N",,"condition OK","Y",,"Merritt and Cummins 2008","N","EcoAnalysts Inc.","K. Guild",,,
"7c09e0f9-5777-4188-a64a-e185fed40b70","D04","CUPE","CUPE.AOS.reach","2019-06-18T11:23Z","2019-09-19","CUPE.20190618.SURBER.8","A00000113319",,"CERSP10","Y","Ceratopogoninae sp.",,"subfamily","Arthropoda","Hexapoda","Insecta","Pterygota","Neoptera","Holometabola","Diptera","Nematocera","Culicomorpha",,"Ceratopogonidae","Ceratopogoninae",,,,"sp.",,"larva",6,,1,75,1,"N","N",,"condition OK","Y",,"Merritt and Cummins 2008","N","EcoAnalysts Inc.","K. Guild",,,
"24275278-19b3-4392-bcbe-50b6b17427c0","D04","CUPE","CUPE.AOS.reach","2019-06-18T11:23Z","2019-09-19","CUPE.20190618.SURBER.2","A00000113317",,"LIBSP","Y","Libellulidae sp.",,"family","Arthropoda","Hexapoda","Insecta","Pterygota","Palaeoptera",,"Odonata","Anisoptera",,,"Libellulidae",,,,,"sp.",,"larva",2,,2,59,3,"N","N",,"condition OK","Y",,"Needham, Westfall and May 2000","N","EcoAnalysts Inc.","K. Guild",,,
"6babc2be-324c-40ec-8e17-8cf243293442","D04","CUPE","CUPE.AOS.reach","2019-06-18T11:23Z","2019-09-19","CUPE.20190618.SURBER.6","A00000113315",,"CLOSP1","Y","Cloeodes sp.",,"genus","Arthropoda","Hexapoda","Insecta","Pterygota","Palaeoptera",,"Ephemeroptera","Pisciforma",,,"Baetidae",,,,"Cloeodes","sp.",,"larva",4,,1,100,1,"N","N",,"condition OK","Y",,"Merritt and Cummins 2008","N","EcoAnalysts Inc.","K. Guild",,,
"b5e6b6cc-ead9-42e4-9f25-d6a965d80af6","D04","CUPE","CUPE.AOS.reach","2019-06-18T11:23Z","2019-09-19","CUPE.20190618.SURBER.5","A00000113318",,"EMPSP","Y","Empididae sp.",,"family","Arthropoda","Hexapoda","Insecta","Pterygota","Neoptera","Holometabola","Diptera","Brachycera","Muscomorpha",,"Empididae",,,,,"sp.",,"pupa",2,,1,75,1,"N","N",,"condition OK","Y",,"Merritt and Cummins 2008","N","EcoAnalysts Inc.","K. Guild",,,
"c09af800-c9fd-43f4-930b-481533707f3a","D04","CUPE","CUPE.AOS.reach","2019-06-18T11:23Z","2019-09-19","CUPE.20190618.SURBER.8","A00000113319",,"CLOSP1","Y","Cloeodes sp.",,"genus","Arthropoda","Hexapoda","Insecta","Pterygota","Palaeoptera",,"Ephemeroptera","Pisciforma",,,"Baetidae",,,,"Cloeodes","sp.",,"larva",1,,29,75,39,"N","N",,"condition OK","Y",,"Merritt and Cummins 2008","N","EcoAnalysts Inc.","K. Guild",,,
"5c3699c2-35bd-4fb9-a302-d8377289d179","D04","CUPE","CUPE.AOS.reach","2019-06-18T11:23Z","2019-09-19","CUPE.20190618.SURBER.7","A00000113313",,"ANTTUB","Y","Antillopsyche tubicola",,"species","Arthropoda","Hexapoda","Insecta","Pterygota","Neoptera","Holometabola","Trichoptera",,,"Hydropsychoidea","Polycentropodidae","Polycentropodinae",,,"Antillopsyche","tubicola",,"larva",1,,1,100,1,"N","N",,"condition OK","Y",,"Wiggins 1996","N","EcoAnalysts Inc.","K. Guild",,,
"5bc2ab02-d68a-4a63-a514-a3cfd04677c2","D04","CUPE","CUPE.AOS.reach","2019-06-18T11:23Z","2019-09-19","CUPE.20190618.SURBER.5","A00000113318",,"STESP8","Y","Stenochironomus sp.",,"genus","Arthropoda","Hexapoda","Insecta","Pterygota","Neoptera","Holometabola","Diptera","Nematocera","Culicomorpha",,"Chironomidae","Chironominae","Chironomini",,"Stenochironomus","sp.",,"larva",2,,8,75,11,"N","N",,"condition OK","Y",,"Epler 2001","N","EcoAnalysts Inc.","K. Guild",,,
"3cd22d8a-d3c5-4c68-ac09-9776463433dd","D04","CUPE","CUPE.AOS.reach","2019-06-18T11:23Z","2019-09-19","CUPE.20190618.SURBER.3","A00000113312",,"BAESP","Y","Baetidae sp.",,"family","Arthropoda","Hexapoda","Insecta","Pterygota","Palaeoptera",,"Ephemeroptera","Pisciforma",,,"Baetidae",,,,,"sp.",,"larva",1,,1,38,3,"Y","N",,"condition OK","N",,"Merritt and Cummins 2008","N","EcoAnalysts Inc.","K. Guild",,,
"6349cdcd-9013-4dd7-872d-2238a46cc6f1","D04","CUPE","CUPE.AOS.reach","2019-06-18T11:23Z","2019-09-19","CUPE.20190618.SURBER.1","A00000113316",,"PHASP11","Y","Phanocerus sp.",,"genus","Arthropoda","Hexapoda","Insecta","Pterygota","Neoptera","Holometabola","Coleoptera","Polyphaga","Elateriformia","Byrrhoidea","Elmidae","Larainae",,,"Phanocerus","sp.",,"larva",3,,1,35,3,"N","N",,"condition OK","Y",,"Brown and White 1978","Y","EcoAnalysts Inc.","K. Guild",,,
"6232a69f-417e-4719-a990-6ea9ddb0923a","D04","CUPE","CUPE.AOS.reach","2019-06-18T11:23Z","2019-09-19","CUPE.20190618.SURBER.4","A00000113314",,"PETSP4","Y","Petrophila sp.",,"genus","Arthropoda","Hexapoda","Insecta","Pterygota","Neoptera","Holometabola","Lepidoptera",,,"Pyraloidea","Crambidae","Nymphulinae","Argyractini",,"Petrophila","sp.",,"larva",1,,5,88,6,"N","N",,"damaged, affecting measurement","Y",,"Merritt and Cummins 2008","N","EcoAnalysts Inc.","K. Guild","Fragment measured",,
"26871697-1271-49ee-8ab9-496966c5312b","D04","CUPE","CUPE.AOS.reach","2019-06-18T11:23Z","2019-09-19","CUPE.20190618.SURBER.8","A00000113319","CUPE.20190618.SURBER.8_ABLABESMYIA (KARELIA) SP.","ABLKAR","Y","Ablabesmyia (Karelia) sp.",,"subgenus","Arthropoda","Hexapoda","Insecta","Pterygota","Neoptera","Holometabola","Diptera","Nematocera","Culicomorpha",,"Chironomidae","Tanypodinae","Pentaneurini",,"Ablabesmyia","sp.",,"larva",2,,2,75,3,"N","N",,"damaged, affecting measurement","Y",,"Epler 2001, and Maschwitz and Cook 2000","N","EcoAnalysts Inc.","W. Hoiland","Fragment measured; In RC",,
"89d9470b-580a-4a19-8def-d06fb82d8ee6","D04","CUPE","CUPE.AOS.reach","2019-06-18T11:23Z","2019-09-19","CUPE.20190618.SURBER.5","A00000113318",,"POLZAN","Y","Polycentropus zaneta",,"species","Arthropoda","Hexapoda","Insecta","Pterygota","Neoptera","Holometabola","Trichoptera",,,"Hydropsychoidea","Polycentropodidae","Polycentropodinae",,,"Polycentropus","zaneta",,"larva",3,,1,75,1,"N","N",,"damaged, affecting measurement","Y",,"DG Denning 1948","N","EcoAnalysts Inc.","K. Guild","Fragment measured",,
"f705989f-96d3-4c39-bede-121d70314003","D04","CUPE","CUPE.AOS.reach","2019-06-18T11:23Z","2019-09-19","CUPE.20190618.SURBER.4","A00000113314",,"EPISIN","Y","Epilobocera sinuatifrons",,"species","Arthropoda","Crustacea","Malacostraca","Eumalacostraca",,"Eucarida","Decapoda","Pleocyemata","Brachyura","Pseudothelphusoidea","Pseudothelphusidae",,,,"Epilobocera","sinuatifrons",,"none",5,,1,88,1,"N","N",,"condition OK","Y",,"EPA Identification Manual #9","N","EcoAnalysts Inc.","K. Guild",,,
"322641d8-c1c1-4a1a-aa12-535626cb40b1","D04","CUPE","CUPE.AOS.reach","2019-06-18T11:23Z","2019-09-19","CUPE.20190618.SURBER.4","A00000113314",,"NEOSP27","Y","Neoelmis sp.",,"genus","Arthropoda","Hexapoda","Insecta","Pterygota","Neoptera","Holometabola","Coleoptera","Polyphaga","Elateriformia","Byrrhoidea","Elmidae","Elminae","Elmini",,"Neoelmis","sp.",,"larva",1,,1,88,1,"N","N",,"damaged, affecting measurement","Y",,"Brown and White 1978","N","EcoAnalysts Inc.","K. Guild","Fragment measured",,
"45bce072-88d9-4150-8e61-e0f459318fc8","D04","CUPE","CUPE.AOS.reach","2019-06-18T11:23Z","2019-09-19","CUPE.20190618.SURBER.4","A00000113314",,"PETSP4","Y","Petrophila sp.",,"genus","Arthropoda","Hexapoda","Insecta","Pterygota","Neoptera","Holometabola","Lepidoptera",,,"Pyraloidea","Crambidae","Nymphulinae","Argyractini",,"Petrophila","sp.",,"larva",5,,5,88,6,"N","N",,"condition OK","Y",,"Merritt and Cummins 2008","N","EcoAnalysts Inc.","K. Guild",,,
"1bf26fa3-057f-4fc9-9522-b9c549d48c52","D04","CUPE","CUPE.AOS.reach","2019-06-18T11:23Z","2019-09-19","CUPE.20190618.SURBER.2","A00000113317",,"CARSP14","Y","Cariboptila sp.",,"genus","Arthropoda","Hexapoda","Insecta","Pterygota","Neoptera","Holometabola","Trichoptera",,,"Glossosomatoidea","Glossosomatidae","Protoptilinae",,,"Cariboptila","sp.",,"larva",1,,6,59,10,"N","N",,"condition OK","Y",,"Wiggins 1996","N","EcoAnalysts Inc.","K. Guild",,,
"7c045132-d5d2-4302-836b-0510c5509f35","D04","CUPE","CUPE.AOS.reach","2019-06-18T11:23Z","2019-09-19","CUPE.20190618.SURBER.8","A00000113319",,"CORSP24","Y","Corethrella sp.",,"genus","Arthropoda","Hexapoda","Insecta","Pterygota","Neoptera","Holometabola","Diptera","Nematocera","Culicomorpha",,"Corethrellidae",,,,"Corethrella","sp.",,"larva",2,,2,75,3,"N","N",,"condition OK","Y",,"Merritt, Cummins, and Berg, 2008","N","EcoAnalysts Inc.","K. Guild",,,
"cbdc8a57-605f-4542-a196-d345f3225c8d","D04","CUPE","CUPE.AOS.reach","2019-06-18T11:23Z","2019-09-19","CUPE.20190618.SURBER.2","A00000113317",,"EPISIN","Y","Epilobocera sinuatifrons",,"species","Arthropoda","Crustacea","Malacostraca","Eumalacostraca",,"Eucarida","Decapoda","Pleocyemata","Brachyura","Pseudothelphusoidea","Pseudothelphusidae",,,,"Epilobocera","sinuatifrons",,"none",5,,1,59,2,"N","N",,"condition OK","Y",,"EPA Identification Manual #9","N","EcoAnalysts Inc.","K. Guild",,,
"c6611907-0739-4ee8-bdf2-01f05e83dfc9","D04","CUPE","CUPE.AOS.reach","2019-06-18T11:23Z","2019-09-19","CUPE.20190618.SURBER.7","A00000113313",,"HEXSP4","Y","Hexacylloepus sp.",,"genus","Arthropoda","Hexapoda","Insecta","Pterygota","Neoptera","Holometabola","Coleoptera","Polyphaga","Elateriformia","Byrrhoidea","Elmidae","Elminae","Elmini",,"Hexacylloepus","sp.",,"larva",4,,4,100,4,"N","N",,"condition OK","Y",,"Brown and White 1978","N","EcoAnalysts Inc.","K. Guild",,,
"4dc46c95-60ce-483a-aae7-afdded34882e","D04","CUPE","CUPE.AOS.reach","2019-06-18T11:23Z","2019-09-19","CUPE.20190618.SURBER.3","A00000113312",,"LEPSP4","Y","Leptophlebiidae sp.",,"family","Arthropoda","Hexapoda","Insecta","Pterygota","Palaeoptera",,"Ephemeroptera","Furcatergalia","Lanceolata",,"Leptophlebiidae",,,,,"sp.",,"larva",1,,52,38,139,"Y","N",,"damaged, affecting taxonomy","N",,"Merritt and Cummins 2008","N","EcoAnalysts Inc.","K. Guild",,,
"cb89977a-8936-47d8-91fc-52606e3d18da","D04","CUPE","CUPE.AOS.reach","2019-06-18T11:23Z","2019-09-19","CUPE.20190618.SURBER.8","A00000113319","CUPE.20190618.SURBER.8_OLIGOCHAETE_1/1","TUBSP","Y","Tubificida sp.",,"order","Annelida","Clitellata","Oligochaeta","Oligochaeta",,,"Tubificida",,,,,,,,,"sp.",,"none",1,,1,75,1,"N","N",,"damaged, affecting measurement","Y",,"Kathman and Brinkhurst, 1999","N","EcoAnalysts Inc.","L. Flaherty","RC#1; Fragment measured; RC#1",,
"4867d17a-3aa9-4d84-86ec-be3777a672fa","D04","CUPE","CUPE.AOS.reach","2019-06-18T11:23Z","2019-09-19","CUPE.20190618.SURBER.3","A00000113312",,"PETSP4","Y","Petrophila sp.",,"genus","Arthropoda","Hexapoda","Insecta","Pterygota","Neoptera","Holometabola","Lepidoptera",,,"Pyraloidea","Crambidae","Nymphulinae","Argyractini",,"Petrophila","sp.",,"larva",1,,1,38,3,"N","N",,"condition OK","Y",,"Merritt and Cummins 2008","N","EcoAnalysts Inc.","K. Guild",,,
"4dc5bc5b-5d9d-42db-95a4-eafa610b82a6","D04","CUPE","CUPE.AOS.reach","2019-06-18T11:23Z","2019-09-19","CUPE.20190618.SURBER.2","A00000113317",,"CERSP10","Y","Ceratopogoninae sp.",,"subfamily","Arthropoda","Hexapoda","Insecta","Pterygota","Neoptera","Holometabola","Diptera","Nematocera","Culicomorpha",,"Ceratopogonidae","Ceratopogoninae",,,,"sp.",,"larva",6,,1,59,2,"N","N",,"condition OK","Y",,"Merritt and Cummins 2008","N","EcoAnalysts Inc.","K. Guild",,,
"ff063b70-21e0-4a4d-b879-49770ffda05c","D04","CUPE","CUPE.AOS.reach","2019-06-18T11:23Z","2019-09-19","CUPE.20190618.SURBER.1","A00000113316",,"FARSP","Y","Farrodes sp.",,"genus","Arthropoda","Hexapoda","Insecta","Pterygota","Palaeoptera",,"Ephemeroptera","Furcatergalia","Lanceolata",,"Leptophlebiidae",,,,"Farrodes","sp.",,"larva",5,,1,35,3,"N","N",,"condition OK","Y",,"Merritt and Cummins 2008","Y","EcoAnalysts Inc.","K. Guild",,,
"d112c93e-41bc-4e9d-893b-322000d75fa3","D04","CUPE","CUPE.AOS.reach","2019-06-18T11:23Z","2019-09-19","CUPE.20190618.SURBER.6","A00000113315",,"CORSP19","Y","Corynoneura sp.",,"genus","Arthropoda","Hexapoda","Insecta","Pterygota","Neoptera","Holometabola","Diptera","Nematocera","Culicomorpha",,"Chironomidae","Orthocladiinae",,,"Corynoneura","sp.",,"pupa",2,,2,100,2,"N","N",,"condition OK","Y",,"Epler 2001","N","EcoAnalysts Inc.","W. Hoiland",,,
"afd1fc80-a388-4178-9352-dd1af046bf55","D04","CUPE","CUPE.AOS.reach","2019-06-18T11:23Z","2019-09-19","CUPE.20190618.SURBER.7","A00000113313",,"HEXSP4","Y","Hexacylloepus sp.",,"genus","Arthropoda","Hexapoda","Insecta","Pterygota","Neoptera","Holometabola","Coleoptera","Polyphaga","Elateriformia","Byrrhoidea","Elmidae","Elminae","Elmini",,"Hexacylloepus","sp.",,"larva",1,,3,100,3,"N","N",,"condition OK","Y",,"Brown and White 1978","N","EcoAnalysts Inc.","K. Guild",,,
"c0edf115-ecea-4aaf-b18a-0ac3c2c5a23f","D04","CUPE","CUPE.AOS.reach","2019-06-18T11:23Z","2019-09-19","CUPE.20190618.SURBER.5","A00000113318",,"CORSP24","Y","Corethrella sp.",,"genus","Arthropoda","Hexapoda","Insecta","Pterygota","Neoptera","Holometabola","Diptera","Nematocera","Culicomorpha",,"Corethrellidae",,,,"Corethrella","sp.",,"larva",3,,1,75,1,"N","N",,"condition OK","Y",,"Merritt, Cummins, and Berg, 2008","N","EcoAnalysts Inc.","K. Guild",,,
"ad6eb75e-affd-4048-9e76-ba572f6a0961","D04","CUPE","CUPE.AOS.reach","2019-06-18T11:23Z","2019-09-19","CUPE.20190618.SURBER.1","A00000113316",,"LEPSP","Y","Lepidoptera sp.",,"order","Arthropoda","Hexapoda","Insecta","Pterygota","Neoptera","Holometabola","Lepidoptera",,,,,,,,,"sp.",,"larva",1,,24,35,68,"Y","N",,"condition OK","N",,"Merritt and Cummins 2008","Y","EcoAnalysts Inc.","K. Guild",,,
"8e976f9f-c06e-4fcc-bf3f-ddc78983b477","D04","CUPE","CUPE.AOS.reach","2019-06-18T11:23Z","2019-09-19","CUPE.20190618.SURBER.7","A00000113313",,"CRISP2","Y","Cricotopus sp.",,"genus","Arthropoda","Hexapoda","Insecta","Pterygota","Neoptera","Holometabola","Diptera","Nematocera","Culicomorpha",,"Chironomidae","Orthocladiinae",,,"Cricotopus","sp.",,"larva",2,,3,100,3,"N","N",,"condition OK","Y",,"Epler 2001, and Maschwitz and Cook 2000","N","EcoAnalysts Inc.","W. Hoiland",,,
"310bb887-a31f-4bcd-b545-4788eb4ff2af","D04","CUPE","CUPE.AOS.reach","2019-06-18T11:23Z","2019-09-19","CUPE.20190618.SURBER.4","A00000113314",,"LEPSP4","Y","Leptophlebiidae sp.",,"family","Arthropoda","Hexapoda","Insecta","Pterygota","Palaeoptera",,"Ephemeroptera","Furcatergalia","Lanceolata",,"Leptophlebiidae",,,,,"sp.",,"larva",3,,3,88,3,"Y","N",,"damaged, affecting taxonomy","N",,"Merritt and Cummins 2008","N","EcoAnalysts Inc.","K. Guild",,,
"8dfbe444-31d8-4f70-96f8-12880b8cc593","D04","CUPE","CUPE.AOS.reach","2019-06-18T11:23Z","2019-09-19","CUPE.20190618.SURBER.8","A00000113319",,"HYDSP5","Y","Hydroptilidae sp.",,"family","Arthropoda","Hexapoda","Insecta","Pterygota","Neoptera","Holometabola","Trichoptera",,,"Hydroptiloidea","Hydroptilidae",,,,,"sp.",,"larva",1,,1,75,1,"N","N",,"condition OK","Y",,"Wiggins 1996","N","EcoAnalysts Inc.","K. Guild",,,
"a948847d-0728-421a-8aab-141eb99ea52f","D04","CUPE","CUPE.AOS.reach","2019-06-18T11:23Z","2019-09-19","CUPE.20190618.SURBER.7","A00000113313",,"DIXSP2","Y","Dixella sp.",,"genus","Arthropoda","Hexapoda","Insecta","Pterygota","Neoptera","Holometabola","Diptera","Nematocera","Culicomorpha",,"Dixidae",,,,"Dixella","sp.",,"larva",5,,1,100,1,"N","N",,"condition OK","Y",,"Merritt and Cummins 2008","N","EcoAnalysts Inc.","K. Guild",,,
"f2302b84-f7bc-4b35-840d-f65cf45f5cb9","D04","CUPE","CUPE.AOS.reach","2019-06-18T11:23Z","2019-09-19","CUPE.20190618.SURBER.4","A00000113314",,"CRISP2","Y","Cricotopus sp.",,"genus","Arthropoda","Hexapoda","Insecta","Pterygota","Neoptera","Holometabola","Diptera","Nematocera","Culicomorpha",,"Chironomidae","Orthocladiinae",,,"Cricotopus","sp.",,"larva",3,,31,88,35,"N","N",,"condition OK","Y",,"Epler 2001, and Maschwitz and Cook 2000","N","EcoAnalysts Inc.","W. Hoiland",,,
"1d41cd9d-b667-4e88-8817-80814d6df5a9","D04","CUPE","CUPE.AOS.reach","2019-06-18T11:23Z","2019-09-19","CUPE.20190618.SURBER.7","A00000113313",,"TANSP11","Y","Tanytarsus sp.",,"genus","Arthropoda","Hexapoda","Insecta","Pterygota","Neoptera","Holometabola","Diptera","Nematocera","Culicomorpha",,"Chironomidae","Chironominae","Tanytarsini",,"Tanytarsus","sp.",,"larva",1,,2,100,2,"N","N",,"condition OK","Y",,"Epler 2001","N","EcoAnalysts Inc.","W. Hoiland",,,
"54e2d2b8-7061-4e19-9293-ca80cef0c0da","D04","CUPE","CUPE.AOS.reach","2019-06-18T11:23Z","2019-09-19","CUPE.20190618.SURBER.4","A00000113314",,"NEOSP27","Y","Neoelmis sp.",,"genus","Arthropoda","Hexapoda","Insecta","Pterygota","Neoptera","Holometabola","Coleoptera","Polyphaga","Elateriformia","Byrrhoidea","Elmidae","Elminae","Elmini",,"Neoelmis","sp.",,"adult",2,,9,88,10,"N","N",,"condition OK","Y",,"Brown and White 1978","N","EcoAnalysts Inc.","K. Guild",,,
"68a33cf0-ce61-4994-be14-271fc0d92a20","D04","CUPE","CUPE.AOS.reach","2019-06-18T11:23Z","2019-09-19","CUPE.20190618.SURBER.3","A00000113312",,"LEPSP","Y","Lepidoptera sp.",,"order","Arthropoda","Hexapoda","Insecta","Pterygota","Neoptera","Holometabola","Lepidoptera",,,,,,,,,"sp.",,"larva",1,,2,38,5,"Y","N",,"condition OK","N",,"Merritt and Cummins 2008","N","EcoAnalysts Inc.","K. Guild",,,
"82da4130-70c3-4cae-87bd-69469418f9df","D04","CUPE","CUPE.AOS.reach","2019-06-18T11:23Z","2019-09-19","CUPE.20190618.SURBER.2","A00000113317",,"TANSP8","Y","Tanytarsini sp.",,"tribe","Arthropoda","Hexapoda","Insecta","Pterygota","Neoptera","Holometabola","Diptera","Nematocera","Culicomorpha",,"Chironomidae","Chironominae","Tanytarsini",,,"sp.",,"larva",2,,15,59,26,"N","N",,"condition OK","Y",,"Epler 2001","N","EcoAnalysts Inc.","W. Hoiland",,,
"31018cfe-fa31-43da-9ede-2b74626cb1b1","D04","CUPE","CUPE.AOS.reach","2019-06-18T11:23Z","2019-09-19","CUPE.20190618.SURBER.8","A00000113319",,"FARSP","Y","Farrodes sp.",,"genus","Arthropoda","Hexapoda","Insecta","Pterygota","Palaeoptera",,"Ephemeroptera","Furcatergalia","Lanceolata",,"Leptophlebiidae",,,,"Farrodes","sp.",,"larva",5,,1,75,1,"N","N",,"condition OK","Y",,"Merritt and Cummins 2008","N","EcoAnalysts Inc.","K. Guild",,,
"b59de301-7d65-4e34-b348-c110ecc162fd","D04","CUPE","CUPE.AOS.reach","2019-06-18T11:23Z","2019-09-19","CUPE.20190618.SURBER.8","A00000113319",,"POLILL","Y","Polypedilum illinoense gr.",,"speciesGroup","Arthropoda","Hexapoda","Insecta","Pterygota","Neoptera","Holometabola","Diptera","Nematocera","Culicomorpha",,"Chironomidae","Chironominae","Chironomini",,"Polypedilum","illinoense gr.",,"larva",2,,3,75,4,"N","N",,"condition OK","Y",,"Epler 2001, and Maschwitz and Cook 2000","N","EcoAnalysts Inc.","W. Hoiland",,,
"cabfd0e6-a9be-4ac6-982f-e8dcae6cab6b","D04","CUPE","CUPE.AOS.reach","2019-06-18T11:23Z","2019-09-19","CUPE.20190618.SURBER.1","A00000113316","CUPE.20190618.SURBER.1_ORTHOCLADIINAE SP.","CORSP19","Y","Corynoneura sp.",,"genus","Arthropoda","Hexapoda","Insecta","Pterygota","Neoptera","Holometabola","Diptera","Nematocera","Culicomorpha",,"Chironomidae","Orthocladiinae",,,"Corynoneura","sp.",,"larva",2,,1,35,3,"N","N",,"condition OK","Y",,"Epler 2001","Y","EcoAnalysts Inc.","W. Hoiland",,,
"0ef5462f-8e87-465f-9b20-267d39e8c633","D04","CUPE","CUPE.AOS.reach","2019-06-18T11:23Z","2019-09-19","CUPE.20190618.SURBER.1","A00000113316",,"COLSP1","Y","Collembola sp.",,"order","Arthropoda","Hexapoda","Collembola",,,,"Collembola",,,,,,,,,"sp.",,"larva",1,,1,35,3,"N","N",,"condition OK","Y",,"Triplehorn and Johnson 2005","Y","EcoAnalysts Inc.","K. Guild",,,
"3d5595fa-d3cf-4a5d-a535-ea53fe578797","D04","CUPE","CUPE.AOS.reach","2019-06-18T11:23Z","2019-09-19","CUPE.20190618.SURBER.3","A00000113312",,"PHASP11","Y","Phanocerus sp.",,"genus","Arthropoda","Hexapoda","Insecta","Pterygota","Neoptera","Holometabola","Coleoptera","Polyphaga","Elateriformia","Byrrhoidea","Elmidae","Larainae",,,"Phanocerus","sp.",,"larva",1,,1,38,3,"N","N",,"condition OK","Y",,"Brown and White 1978","N","EcoAnalysts Inc.","K. Guild",,,
"d49b3b0d-678b-43ba-8762-3f6906b7a0b7","D04","CUPE","CUPE.AOS.reach","2019-06-18T11:23Z","2019-09-19","CUPE.20190618.SURBER.4","A00000113314",,"LEPSP4","Y","Leptophlebiidae sp.",,"family","Arthropoda","Hexapoda","Insecta","Pterygota","Palaeoptera",,"Ephemeroptera","Furcatergalia","Lanceolata",,"Leptophlebiidae",,,,,"sp.",,"larva",1,,10,88,11,"Y","N",,"damaged, affecting taxonomy","N",,"Merritt and Cummins 2008","N","EcoAnalysts Inc.","K. Guild",,,
"4b0e4b84-ea8e-4a6e-986e-5510c892599d","D04","CUPE","CUPE.AOS.reach","2019-06-18T11:23Z","2019-09-19","CUPE.20190618.SURBER.7","A00000113313",,"CARSP14","Y","Cariboptila sp.",,"genus","Arthropoda","Hexapoda","Insecta","Pterygota","Neoptera","Holometabola","Trichoptera",,,"Glossosomatoidea","Glossosomatidae","Protoptilinae",,,"Cariboptila","sp.",,"larva",2,,1,100,1,"N","N",,"condition OK","Y",,"Wiggins 1996","N","EcoAnalysts Inc.","K. Guild",,,
"741dd8f4-a49f-4ae7-81d8-32d264538d2d","D04","CUPE","CUPE.AOS.reach","2019-06-18T11:23Z","2019-09-19","CUPE.20190618.SURBER.5","A00000113318",,"PHASP11","Y","Phanocerus sp.",,"genus","Arthropoda","Hexapoda","Insecta","Pterygota","Neoptera","Holometabola","Coleoptera","Polyphaga","Elateriformia","Byrrhoidea","Elmidae","Larainae",,,"Phanocerus","sp.",,"larva",1,,15,75,20,"N","N",,"condition OK","Y",,"Brown and White 1978","N","EcoAnalysts Inc.","K. Guild",,,
"ed1cc817-f851-41af-bad9-c79b922a1f08","D04","CUPE","CUPE.AOS.reach","2019-06-18T11:23Z","2019-09-19","CUPE.20190618.SURBER.5","A00000113318",,"CRISP6","Y","Cricotopus/Orthocladius sp.",,"speciesGroup","Arthropoda","Hexapoda","Insecta","Pterygota","Neoptera","Holometabola","Diptera","Nematocera","Culicomorpha",,"Chironomidae","Orthocladiinae",,,"Cricotopus/Orthocladius","sp.",,"larva",1,,1,75,1,"N","N",,"condition OK","Y",,"Epler 2001, and Maschwitz and Cook 2000","N","EcoAnalysts Inc.","W. Hoiland",,,
"24f9c1eb-6b86-4fd0-83a2-f2e354ad5dc0","D04","CUPE","CUPE.AOS.reach","2019-06-18T11:23Z","2019-09-19","CUPE.20190618.SURBER.4","A00000113314",,"EMPSP","Y","Empididae sp.",,"family","Arthropoda","Hexapoda","Insecta","Pterygota","Neoptera","Holometabola","Diptera","Brachycera","Muscomorpha",,"Empididae",,,,,"sp.",,"larva",2,,2,88,2,"N","N",,"condition OK","Y",,"Merritt and Cummins 2008","N","EcoAnalysts Inc.","K. Guild",,,
"debca002-510f-480e-9f61-d57387ce7acb","D04","CUPE","CUPE.AOS.reach","2019-06-18T11:23Z","2019-09-19","CUPE.20190618.SURBER.5","A00000113318",,"FALSP","Y","Fallceon sp.",,"genus","Arthropoda","Hexapoda","Insecta","Pterygota","Palaeoptera",,"Ephemeroptera","Pisciforma",,,"Baetidae",,,,"Fallceon","sp.",,"larva",2,,1,75,1,"N","N",,"condition OK","Y",,"Merritt and Cummins 2008","N","EcoAnalysts Inc.","K. Guild",,,
"002e9a56-9699-455e-b64b-1a5529d84806","D04","CUPE","CUPE.AOS.reach","2019-06-18T11:23Z","2019-09-19","CUPE.20190618.SURBER.7","A00000113313",,"SIMSP1","Y","Simulium sp.",,"genus","Arthropoda","Hexapoda","Insecta","Pterygota","Neoptera","Holometabola","Diptera","Nematocera","Culicomorpha",,"Simuliidae","Simuliinae","Simuliini",,"Simulium","sp.",,"larva",1,,2,100,2,"N","N",,"condition OK","Y",,"Merritt and Cummins 2008","N","EcoAnalysts Inc.","K. Guild",,,
"f22f4699-5316-4348-a311-5d7b5f14c25c","D04","CUPE","CUPE.AOS.reach","2019-06-18T11:23Z","2019-09-19","CUPE.20190618.SURBER.6","A00000113315",,"TANSP8","Y","Tanytarsini sp.",,"tribe","Arthropoda","Hexapoda","Insecta","Pterygota","Neoptera","Holometabola","Diptera","Nematocera","Culicomorpha",,"Chironomidae","Chironominae","Tanytarsini",,,"sp.",,"larva",2,,2,100,2,"N","N",,"condition OK","Y",,"Epler 2001","N","EcoAnalysts Inc.","W. Hoiland",,,
"2e3d8c0d-b705-4b2a-afd9-72821e2f5146","D04","CUPE","CUPE.AOS.reach","2019-06-18T11:23Z","2019-09-19","CUPE.20190618.SURBER.5","A00000113318",,"PENSP7","Y","Pentaneura sp.",,"genus","Arthropoda","Hexapoda","Insecta","Pterygota","Neoptera","Holometabola","Diptera","Nematocera","Culicomorpha",,"Chironomidae","Tanypodinae","Pentaneurini",,"Pentaneura","sp.",,"larva",2,,3,75,4,"N","N",,"condition OK","Y",,"Epler 2001, and Maschwitz and Cook 2000","N","EcoAnalysts Inc.","W. Hoiland",,,
"4c820471-1d9f-4bdf-ac48-5fee3e6205bb","D04","CUPE","CUPE.AOS.reach","2019-06-18T11:23Z","2019-09-19","CUPE.20190618.SURBER.3","A00000113312",,"NEOSP27","Y","Neoelmis sp.",,"genus","Arthropoda","Hexapoda","Insecta","Pterygota","Neoptera","Holometabola","Coleoptera","Polyphaga","Elateriformia","Byrrhoidea","Elmidae","Elminae","Elmini",,"Neoelmis","sp.",,"adult",2,,3,38,8,"N","N",,"condition OK","Y",,"Brown and White 1978","N","EcoAnalysts Inc.","K. Guild",,,
"c7019891-ca27-4612-b6b8-adea63bd5de2","D04","CUPE","CUPE.AOS.reach","2019-06-18T11:23Z","2019-09-19","CUPE.20190618.SURBER.2","A00000113317",,"HEXSP4","Y","Hexacylloepus sp.",,"genus","Arthropoda","Hexapoda","Insecta","Pterygota","Neoptera","Holometabola","Coleoptera","Polyphaga","Elateriformia","Byrrhoidea","Elmidae","Elminae","Elmini",,"Hexacylloepus","sp.",,"adult",2,,10,59,17,"N","N",,"condition OK","Y",,"Brown and White 1978","N","EcoAnalysts Inc.","K. Guild",,,
"e365f07b-2146-4e42-b4c1-12d1dc5251d3","D04","CUPE","CUPE.AOS.reach","2019-06-18T11:23Z","2019-09-19","CUPE.20190618.SURBER.7","A00000113313",,"CERMAS","Y","Cernotina mastelleri",,"species","Arthropoda","Hexapoda","Insecta","Pterygota","Neoptera","Holometabola","Trichoptera",,,"Hydropsychoidea","Polycentropodidae","Polycentropodinae",,,"Cernotina","mastelleri",,"larva",4,,1,100,1,"N","N",,"condition OK","Y",,"Flint, 1992","N","EcoAnalysts Inc.","K. Guild","EcoA ID=Cernotina mastelleri; rc",,
"c2ad759e-de87-46e7-a674-f9ee9d4b639f","D04","CUPE","CUPE.AOS.reach","2019-06-18T11:23Z","2019-09-19","CUPE.20190618.SURBER.2","A00000113317",,"ANTTUB","Y","Antillopsyche tubicola",,"species","Arthropoda","Hexapoda","Insecta","Pterygota","Neoptera","Holometabola","Trichoptera",,,"Hydropsychoidea","Polycentropodidae","Polycentropodinae",,,"Antillopsyche","tubicola",,"larva",3,,1,59,2,"N","N",,"condition OK","Y",,"Wiggins 1996","N","EcoAnalysts Inc.","K. Guild",,,
"46e42599-57a7-4b9c-8aa3-4fec901a675f","D04","CUPE","CUPE.AOS.reach","2019-06-18T11:23Z","2019-09-19","CUPE.20190618.SURBER.7","A00000113313",,"COLSP1","Y","Collembola sp.",,"order","Arthropoda","Hexapoda","Collembola",,,,"Collembola",,,,,,,,,"sp.",,"larva",1,,1,100,1,"N","N",,"condition OK","Y",,"Triplehorn and Johnson 2005","N","EcoAnalysts Inc.","K. Guild",,,
"5b883f3c-483a-41ee-a876-28071cba31d1","D04","CUPE","CUPE.AOS.reach","2019-06-18T11:23Z","2019-09-19","CUPE.20190618.SURBER.5","A00000113318",,"ATOTRI","Y","Atopsyche trifida",,"species","Arthropoda","Hexapoda","Insecta","Pterygota","Neoptera","Holometabola","Trichoptera",,,"Rhyacophiloidea","Hydrobiosidae","Hydrobiosinae","Hydrobiosini",,"Atopsyche","trifida",,"larva",2,,4,75,5,"N","N",,"condition OK","Y",,"Wiggins 1996","N","EcoAnalysts Inc.","K. Guild",,,
"d3f05989-13d9-491f-8dee-dd0e59a207f8","D04","CUPE","CUPE.AOS.reach","2019-06-18T11:23Z","2019-09-19","CUPE.20190618.SURBER.1","A00000113316",,"LEPSP4","Y","Leptophlebiidae sp.",,"family","Arthropoda","Hexapoda","Insecta","Pterygota","Palaeoptera",,"Ephemeroptera","Furcatergalia","Lanceolata",,"Leptophlebiidae",,,,,"sp.",,"larva",2,,20,35,57,"Y","N",,"damaged, affecting taxonomy","N",,"Merritt and Cummins 2008","Y","EcoAnalysts Inc.","K. Guild",,,
"38ed800c-1b16-4679-9854-d83b448fb5ce","D04","CUPE","CUPE.AOS.reach","2019-06-18T11:23Z","2019-09-19","CUPE.20190618.SURBER.5","A00000113318",,"LEPSP4","Y","Leptophlebiidae sp.",,"family","Arthropoda","Hexapoda","Insecta","Pterygota","Palaeoptera",,"Ephemeroptera","Furcatergalia","Lanceolata",,"Leptophlebiidae",,,,,"sp.",,"larva",3,,2,75,3,"Y","N",,"damaged, affecting measurement","N",,"Merritt and Cummins 2008","N","EcoAnalysts Inc.","K. Guild","Fragment measured",,
"860e4ae9-cacf-4b97-b5eb-ef1334f60648","D04","CUPE","CUPE.AOS.reach","2019-06-18T11:23Z","2019-09-19","CUPE.20190618.SURBER.2","A00000113317",,"LEPSP","Y","Lepidoptera sp.",,"order","Arthropoda","Hexapoda","Insecta","Pterygota","Neoptera","Holometabola","Lepidoptera",,,,,,,,,"sp.",,"larva",1,,1,59,2,"Y","N",,"damaged, affecting measurement","N",,"Merritt and Cummins 2008","N","EcoAnalysts Inc.","K. Guild","Fragment measured",,
"5c9cbbb1-5809-4b10-8f27-6671c1851cf9","D04","CUPE","CUPE.AOS.reach","2019-06-18T11:23Z","2019-09-19","CUPE.20190618.SURBER.3","A00000113312",,"STESP10","Y","Stempellinella sp.",,"genus","Arthropoda","Hexapoda","Insecta","Pterygota","Neoptera","Holometabola","Diptera","Nematocera","Culicomorpha",,"Chironomidae","Chironominae","Tanytarsini",,"Stempellinella","sp.",,"larva",1,,1,38,3,"N","N",,"condition OK","Y",,"Epler 2001","N","EcoAnalysts Inc.","W. Hoiland",,,
"09118dac-53c5-4d9c-bb36-3f012683996a","D04","CUPE","CUPE.AOS.reach","2019-06-18T11:23Z","2019-09-19","CUPE.20190618.SURBER.3","A00000113312",,"ANTTUB","Y","Antillopsyche tubicola",,"species","Arthropoda","Hexapoda","Insecta","Pterygota","Neoptera","Holometabola","Trichoptera",,,"Hydropsychoidea","Polycentropodidae","Polycentropodinae",,,"Antillopsyche","tubicola",,"larva",2,,1,38,3,"N","N",,"condition OK","Y",,"Wiggins 1996","N","EcoAnalysts Inc.","K. Guild",,,
"11d07084-69b9-4f1c-9b38-510a21a59da4","D04","CUPE","CUPE.AOS.reach","2019-06-18T11:23Z","2019-09-19","CUPE.20190618.SURBER.2","A00000113317",,"LEPSP4","Y","Leptophlebiidae sp.",,"family","Arthropoda","Hexapoda","Insecta","Pterygota","Palaeoptera",,"Ephemeroptera","Furcatergalia","Lanceolata",,"Leptophlebiidae",,,,,"sp.",,"larva",2,,17,59,29,"Y","N",,"damaged, affecting taxonomy","N",,"Merritt and Cummins 2008","N","EcoAnalysts Inc.","K. Guild",,,
"42176459-2370-4f64-8c07-7db4135d0b7a","D04","CUPE","CUPE.AOS.reach","2019-06-18T11:23Z","2019-09-19","CUPE.20190618.SURBER.6","A00000113315",,"LEPSP4","Y","Leptophlebiidae sp.",,"family","Arthropoda","Hexapoda","Insecta","Pterygota","Palaeoptera",,"Ephemeroptera","Furcatergalia","Lanceolata",,"Leptophlebiidae",,,,,"sp.",,"larva",1,,6,100,6,"N","N",,"damaged, affecting measurement","Y",,"Merritt and Cummins 2008","N","EcoAnalysts Inc.","K. Guild","Fragment measured",,
"8682fab6-8f44-400d-9eb9-c55df69d7734","D04","CUPE","CUPE.AOS.reach","2019-06-18T11:23Z","2019-09-19","CUPE.20190618.SURBER.2","A00000113317",,"LIBSP","Y","Libellulidae sp.",,"family","Arthropoda","Hexapoda","Insecta","Pterygota","Palaeoptera",,"Odonata","Anisoptera",,,"Libellulidae",,,,,"sp.",,"larva",1,,2,59,3,"N","N",,"condition OK","Y",,"Needham, Westfall and May 2000","N","EcoAnalysts Inc.","K. Guild",,,
"72038925-be1f-43d1-ad45-722e46e41159","D04","CUPE","CUPE.AOS.reach","2019-06-18T11:23Z","2019-09-19","CUPE.20190618.SURBER.4","A00000113314",,"LEPSP4","Y","Leptophlebiidae sp.",,"family","Arthropoda","Hexapoda","Insecta","Pterygota","Palaeoptera",,"Ephemeroptera","Furcatergalia","Lanceolata",,"Leptophlebiidae",,,,,"sp.",,"larva",2,,21,88,24,"Y","N",,"damaged, affecting taxonomy","N",,"Merritt and Cummins 2008","N","EcoAnalysts Inc.","K. Guild",,,
"740f7ac8-4a72-4dc4-9e04-11924b61d70a","D04","CUPE","CUPE.AOS.reach","2019-06-18T11:23Z","2019-09-19","CUPE.20190618.SURBER.1","A00000113316",,"NEOSP27","Y","Neoelmis sp.",,"genus","Arthropoda","Hexapoda","Insecta","Pterygota","Neoptera","Holometabola","Coleoptera","Polyphaga","Elateriformia","Byrrhoidea","Elmidae","Elminae","Elmini",,"Neoelmis","sp.",,"larva",4,,1,35,3,"N","N",,"condition OK","Y",,"Brown and White 1978","Y","EcoAnalysts Inc.","K. Guild",,,
"99c98fec-e814-41b8-8f33-4a70e2e9b5e0","D04","CUPE","CUPE.AOS.reach","2019-06-18T11:23Z","2019-09-19","CUPE.20190618.SURBER.6","A00000113315",,"XIPBOR","Y","Xiphocentron borinquense",,"species","Arthropoda","Hexapoda","Insecta","Pterygota","Neoptera","Holometabola","Trichoptera",,,"Hydropsychoidea","Xiphocentronidae","Xiphocentroninae",,,"Xiphocentron","borinquense",,"larva",6,,1,100,1,"N","N",,"condition OK","Y",,"Flint,1964","N","EcoAnalysts Inc.","K. Guild",,,
"c08177d4-3b7b-404b-a1d3-d68132d15b9c","D04","CUPE","CUPE.AOS.reach","2019-06-18T11:23Z","2019-09-19","CUPE.20190618.SURBER.5","A00000113318",,"LIBSP","Y","Libellulidae sp.",,"family","Arthropoda","Hexapoda","Insecta","Pterygota","Palaeoptera",,"Odonata","Anisoptera",,,"Libellulidae",,,,,"sp.",,"larva",2,,1,75,1,"N","N",,"condition OK","Y",,"Needham, Westfall and May 2000","N","EcoAnalysts Inc.","K. Guild",,,
"184922b5-5e99-481c-a1b8-a60999371ab0","D04","CUPE","CUPE.AOS.reach","2019-06-18T11:23Z","2019-09-19","CUPE.20190618.SURBER.6","A00000113315",,"NEOSP27","Y","Neoelmis sp.",,"genus","Arthropoda","Hexapoda","Insecta","Pterygota","Neoptera","Holometabola","Coleoptera","Polyphaga","Elateriformia","Byrrhoidea","Elmidae","Elminae","Elmini",,"Neoelmis","sp.",,"larva",3,,1,100,1,"N","N",,"condition OK","Y",,"Brown and White 1978","N","EcoAnalysts Inc.","K. Guild",,,
"8c1a6916-7555-4e8c-ae90-6e962cdd2837","D04","CUPE","CUPE.AOS.reach","2019-06-18T11:23Z","2019-09-19","CUPE.20190618.SURBER.8","A00000113319",,"PHYPUL","Y","Phylloicus pulchrus",,"species","Arthropoda","Hexapoda","Insecta","Pterygota","Neoptera","Holometabola","Trichoptera",,,"Leptoceroidea","Calamoceratidae","Calamoceratinae",,,"Phylloicus","pulchrus",,"larva",5,,1,75,1,"N","N",,"condition OK","Y",,"Wiggins 1996","N","EcoAnalysts Inc.","K. Guild",,,
"bae12ab8-edfc-45ed-bcac-c5eb67800772","D04","CUPE","CUPE.AOS.reach","2019-06-18T11:23Z","2019-09-19","CUPE.20190618.SURBER.2","A00000113317",,"ACASP1","Y","Acari sp.",,"subclass","Arthropoda","Chelicerata","Arachnida","Acari",,,,,,,,,,,,"sp.",,"none",1,,1,59,2,"N","N",,"condition OK","Y",,"Thorp and Covich 2001","N","EcoAnalysts Inc.","K. Guild",,,
"54587b6d-3406-43a1-9f87-38bcef2a5574","D04","CUPE","CUPE.AOS.reach","2019-06-18T11:23Z","2019-09-19","CUPE.20190618.SURBER.2","A00000113317",,"PETSP4","Y","Petrophila sp.",,"genus","Arthropoda","Hexapoda","Insecta","Pterygota","Neoptera","Holometabola","Lepidoptera",,,"Pyraloidea","Crambidae","Nymphulinae","Argyractini",,"Petrophila","sp.",,"larva",3,,17,59,29,"N","N",,"condition OK","Y",,"Merritt and Cummins 2008","N","EcoAnalysts Inc.","K. Guild",,,
"d4541030-6ec9-4cd7-b425-c7af2be2159f","D04","CUPE","CUPE.AOS.reach","2019-06-18T11:23Z","2019-09-19","CUPE.20190618.SURBER.6","A00000113315",,"XESSP","Y","Xestochironomus sp.",,"genus","Arthropoda","Hexapoda","Insecta","Pterygota","Neoptera","Holometabola","Diptera","Nematocera","Culicomorpha",,"Chironomidae","Chironominae","Chironomini",,"Xestochironomus","sp.",,"larva",1,,1,100,1,"N","N",,"damaged, affecting measurement","Y",,"Epler 2001, and Maschwitz and Cook 2000","N","EcoAnalysts Inc.","W. Hoiland","Fragment measured",,
"2b4e3fc2-56a5-453e-b206-e71ea178785c","D04","CUPE","CUPE.AOS.reach","2019-06-18T11:23Z","2019-09-19","CUPE.20190618.SURBER.8","A00000113319",,"NEOSP27","Y","Neoelmis sp.",,"genus","Arthropoda","Hexapoda","Insecta","Pterygota","Neoptera","Holometabola","Coleoptera","Polyphaga","Elateriformia","Byrrhoidea","Elmidae","Elminae","Elmini",,"Neoelmis","sp.",,"larva",1,,1,75,1,"N","N",,"condition OK","Y",,"Brown and White 1978","N","EcoAnalysts Inc.","K. Guild",,,
"d75b7ff6-ce9e-488e-9663-11cb5c6fe4ed","D04","CUPE","CUPE.AOS.reach","2019-06-18T11:23Z","2019-09-19","CUPE.20190618.SURBER.8","A00000113319",,"LEPSP4","Y","Leptophlebiidae sp.",,"family","Arthropoda","Hexapoda","Insecta","Pterygota","Palaeoptera",,"Ephemeroptera","Furcatergalia","Lanceolata",,"Leptophlebiidae",,,,,"sp.",,"larva",1,,6,75,8,"Y","N",,"damaged, affecting taxonomy","N",,"Merritt and Cummins 2008","N","EcoAnalysts Inc.","K. Guild",,,
"cad81a12-c9fc-453f-8e41-3fccaac9e140","D04","CUPE","CUPE.AOS.reach","2019-06-18T11:23Z","2019-09-19","CUPE.20190618.SURBER.5","A00000113318",,"CARSP14","Y","Cariboptila sp.",,"genus","Arthropoda","Hexapoda","Insecta","Pterygota","Neoptera","Holometabola","Trichoptera",,,"Glossosomatoidea","Glossosomatidae","Protoptilinae",,,"Cariboptila","sp.",,"larva",1,,1,75,1,"N","N",,"condition OK","Y",,"Wiggins 1996","N","EcoAnalysts Inc.","K. Guild",,,
"89e212a7-e3b3-47e3-ac76-0de30c287ed3","D04","CUPE","CUPE.AOS.reach","2019-06-18T11:23Z","2019-09-19","CUPE.20190618.SURBER.2","A00000113317",,"PETSP4","Y","Petrophila sp.",,"genus","Arthropoda","Hexapoda","Insecta","Pterygota","Neoptera","Holometabola","Lepidoptera",,,"Pyraloidea","Crambidae","Nymphulinae","Argyractini",,"Petrophila","sp.",,"larva",7,,4,59,7,"N","N",,"condition OK","Y",,"Merritt and Cummins 2008","N","EcoAnalysts Inc.","K. Guild",,,
"73a3e049-d25c-474b-9ffc-1cdca35578fe","D04","CUPE","CUPE.AOS.reach","2019-06-18T11:23Z","2019-09-19","CUPE.20190618.SURBER.8","A00000113319",,"HAGSP3","Y","Hagenulopsis sp.",,"genus","Arthropoda","Hexapoda","Insecta","Pterygota","Palaeoptera",,"Ephemeroptera","Furcatergalia","Lanceolata",,"Leptophlebiidae",,,,"Hagenulopsis","sp.",,"larva",4,,1,75,1,"N","N",,"condition OK","Y",,"Peters,1971","N","EcoAnalysts Inc.","K. Guild",,,
"0a80bb60-af8a-43ce-a88d-879f11ed985f","D04","CUPE","CUPE.AOS.reach","2019-06-18T11:23Z","2019-09-19","CUPE.20190618.SURBER.2","A00000113317",,"LEPSP4","Y","Leptophlebiidae sp.",,"family","Arthropoda","Hexapoda","Insecta","Pterygota","Palaeoptera",,"Ephemeroptera","Furcatergalia","Lanceolata",,"Leptophlebiidae",,,,,"sp.",,"larva",3,,2,59,3,"Y","N",,"damaged, affecting taxonomy","N",,"Merritt and Cummins 2008","N","EcoAnalysts Inc.","K. Guild",,,
"05bf17b0-fe36-426d-9d8a-f14babc22332","D04","CUPE","CUPE.AOS.reach","2019-06-18T11:23Z","2019-09-19","CUPE.20190618.SURBER.5","A00000113318","CUPE.20190618.SURBER.5_OLIGOCHAETE_1/1","ENCSP1","Y","Enchytraeidae sp.",,"family","Annelida","Clitellata","Oligochaeta","Oligochaeta",,,"Enchytraeida",,,,"Enchytraeidae",,,,,"sp.",,"none",1,,1,75,1,"N","N",,"condition OK","Y",,"Kathman and Brinkhurst, 1999","N","EcoAnalysts Inc.","L. Flaherty",,,
"93fd095d-aafc-49fd-8959-1f6642e16a0a","D04","CUPE","CUPE.AOS.reach","2019-06-18T11:23Z","2019-09-19","CUPE.20190618.SURBER.1","A00000113316","CUPE.20190618.SURBER.1_ORTHOCLADIINAE SP.","CRISP2","Y","Cricotopus sp.",,"genus","Arthropoda","Hexapoda","Insecta","Pterygota","Neoptera","Holometabola","Diptera","Nematocera","Culicomorpha",,"Chironomidae","Orthocladiinae",,,"Cricotopus","sp.",,"larva",2,,15,35,43,"N","N",,"condition OK","Y",,"Epler 2001, and Maschwitz and Cook 2000","Y","EcoAnalysts Inc.","W. Hoiland",,,
"8d1b52bb-4405-46f1-a086-0a5e0eccbb1a","D04","CUPE","CUPE.AOS.reach","2019-06-18T11:23Z","2019-09-19","CUPE.20190618.SURBER.1","A00000113316",,"HEXSP4","Y","Hexacylloepus sp.",,"genus","Arthropoda","Hexapoda","Insecta","Pterygota","Neoptera","Holometabola","Coleoptera","Polyphaga","Elateriformia","Byrrhoidea","Elmidae","Elminae","Elmini",,"Hexacylloepus","sp.",,"larva",2,,5,35,14,"N","N",,"condition OK","Y",,"Brown and White 1978","Y","EcoAnalysts Inc.","K. Guild",,,
"299127e3-133c-4fb1-ac08-ea80d28e6dc5","D04","CUPE","CUPE.AOS.reach","2019-06-18T11:23Z","2019-09-19","CUPE.20190618.SURBER.4","A00000113314",,"LEPSP","Y","Lepidoptera sp.",,"order","Arthropoda","Hexapoda","Insecta","Pterygota","Neoptera","Holometabola","Lepidoptera",,,,,,,,,"sp.",,"larva",1,,18,88,20,"Y","N",,"damaged, affecting taxonomy","N",,"Merritt and Cummins 2008","N","EcoAnalysts Inc.","K. Guild",,,
"f94a3791-37d5-44d3-986b-d8329905ac19","D04","CUPE","CUPE.AOS.reach","2019-06-18T11:23Z","2019-09-19","CUPE.20190618.SURBER.8","A00000113319",,"TANSP8","Y","Tanytarsini sp.",,"tribe","Arthropoda","Hexapoda","Insecta","Pterygota","Neoptera","Holometabola","Diptera","Nematocera","Culicomorpha",,"Chironomidae","Chironominae","Tanytarsini",,,"sp.",,"larva",2,,64,75,85,"N","N",,"condition OK","Y",,"Epler 2001","N","EcoAnalysts Inc.","W. Hoiland",,,
"5f039296-d003-4224-bfe7-38766946fcef","D04","CUPE","CUPE.AOS.reach","2019-06-18T11:23Z","2019-09-19","CUPE.20190618.SURBER.8","A00000113319",,"LEPSP4","Y","Leptophlebiidae sp.",,"family","Arthropoda","Hexapoda","Insecta","Pterygota","Palaeoptera",,"Ephemeroptera","Furcatergalia","Lanceolata",,"Leptophlebiidae",,,,,"sp.",,"larva",1,,10,75,13,"Y","N",,"damaged, affecting measurement","N",,"Merritt and Cummins 2008","N","EcoAnalysts Inc.","K. Guild","Fragment measured",,
"074b3a1f-ccae-4635-944d-e3194c194b32","D04","CUPE","CUPE.AOS.reach","2019-06-18T11:23Z","2019-09-19","CUPE.20190618.SURBER.6","A00000113315",,"CORSP19","Y","Corynoneura sp.",,"genus","Arthropoda","Hexapoda","Insecta","Pterygota","Neoptera","Holometabola","Diptera","Nematocera","Culicomorpha",,"Chironomidae","Orthocladiinae",,,"Corynoneura","sp.",,"larva",2,,2,100,2,"N","N",,"condition OK","Y",,"Epler 2001","N","EcoAnalysts Inc.","W. Hoiland",,,
"90b9e2ca-89e8-40a6-a158-10d66b274628","D04","CUPE","CUPE.AOS.reach","2019-06-18T11:23Z","2019-09-19","CUPE.20190618.SURBER.3","A00000113312",,"ANTTUB","Y","Antillopsyche tubicola",,"species","Arthropoda","Hexapoda","Insecta","Pterygota","Neoptera","Holometabola","Trichoptera",,,"Hydropsychoidea","Polycentropodidae","Polycentropodinae",,,"Antillopsyche","tubicola",,"larva",1,,2,38,5,"N","N",,"condition OK","Y",,"Wiggins 1996","N","EcoAnalysts Inc.","K. Guild",,,
"0e5a7166-428d-4510-8329-bd9b1bd510fd","D04","CUPE","CUPE.AOS.reach","2019-06-18T11:23Z","2019-09-19","CUPE.20190618.SURBER.3","A00000113312",,"LEPSP4","Y","Leptophlebiidae sp.",,"family","Arthropoda","Hexapoda","Insecta","Pterygota","Palaeoptera",,"Ephemeroptera","Furcatergalia","Lanceolata",,"Leptophlebiidae",,,,,"sp.",,"larva",2,,45,38,120,"Y","N",,"damaged, affecting taxonomy","N",,"Merritt and Cummins 2008","N","EcoAnalysts Inc.","K. Guild",,,
"2b083be8-0c35-4293-bd10-ad5eed22917d","D04","CUPE","CUPE.AOS.reach","2019-06-18T11:23Z","2019-09-19","CUPE.20190618.SURBER.4","A00000113314",,"EMPSP","Y","Empididae sp.",,"family","Arthropoda","Hexapoda","Insecta","Pterygota","Neoptera","Holometabola","Diptera","Brachycera","Muscomorpha",,"Empididae",,,,,"sp.",,"pupa",2,,1,88,1,"N","N",,"condition OK","Y",,"Merritt and Cummins 2008","N","EcoAnalysts Inc.","K. Guild",,,
"b37a2c00-8911-48c7-a2a1-985f22546442","D04","CUPE","CUPE.AOS.reach","2019-06-18T11:23Z","2019-09-19","CUPE.20190618.SURBER.7","A00000113313",,"CRISP2","Y","Cricotopus sp.",,"genus","Arthropoda","Hexapoda","Insecta","Pterygota","Neoptera","Holometabola","Diptera","Nematocera","Culicomorpha",,"Chironomidae","Orthocladiinae",,,"Cricotopus","sp.",,"larva",1,,3,100,3,"N","N",,"condition OK","Y",,"Epler 2001, and Maschwitz and Cook 2000","N","EcoAnalysts Inc.","W. Hoiland",,,
"eb7cf581-f8e5-4894-b33e-dd2108765c09","D04","CUPE","CUPE.AOS.reach","2019-06-18T11:23Z","2019-09-19","CUPE.20190618.SURBER.3","A00000113312",,"PARPOR","Y","Paracloeodes portoricensis",,"species","Arthropoda","Hexapoda","Insecta","Pterygota","Palaeoptera",,"Ephemeroptera","Pisciforma",,,"Baetidae",,,,"Paracloeodes","portoricensis",,"larva",1,,2,38,5,"N","N",,"condition OK","Y",,"Travers,1938","N","EcoAnalysts Inc.","K. Guild",,,
"37b53b47-1e03-4197-a86e-0ccd4a52ffdf","D04","CUPE","CUPE.AOS.reach","2019-06-18T11:23Z","2019-09-19","CUPE.20190618.SURBER.1","A00000113316",,"GLOSP1","Y","Glossosomatidae sp.",,"family","Arthropoda","Hexapoda","Insecta","Pterygota","Neoptera","Holometabola","Trichoptera",,,"Glossosomatoidea","Glossosomatidae",,,,,"sp.",,"larva",1,,6,35,17,"Y","N",,"condition OK","N",,"Wiggins 1996","Y","EcoAnalysts Inc.","K. Guild",,,
"e0ab953a-cd01-418f-b031-11ff5d4fbf13","D04","CUPE","CUPE.AOS.reach","2019-06-18T11:23Z","2019-09-19","CUPE.20190618.SURBER.4","A00000113314",,"LEPSP","Y","Lepidoptera sp.",,"order","Arthropoda","Hexapoda","Insecta","Pterygota","Neoptera","Holometabola","Lepidoptera",,,,,,,,,"sp.",,"pupa",1,,1,88,1,"Y","N",,"damaged, affecting taxonomy","N",,"Merritt and Cummins 2008","N","EcoAnalysts Inc.","K. Guild",,,
"9a7cdb06-f804-44e7-af48-81e4f1cfb009","D04","CUPE","CUPE.AOS.reach","2019-06-18T11:23Z","2019-09-19","CUPE.20190618.SURBER.3","A00000113312",,"LIBSP","Y","Libellulidae sp.",,"family","Arthropoda","Hexapoda","Insecta","Pterygota","Palaeoptera",,"Odonata","Anisoptera",,,"Libellulidae",,,,,"sp.",,"larva",4,,1,38,3,"N","N",,"condition OK","Y",,"Needham, Westfall and May 2000","N","EcoAnalysts Inc.","K. Guild",,,
"30a25fb9-4b65-4481-b1c9-4b4f41561a71","D04","CUPE","CUPE.AOS.reach","2019-06-18T11:23Z","2019-09-19","CUPE.20190618.SURBER.3","A00000113312",,"PETSP4","Y","Petrophila sp.",,"genus","Arthropoda","Hexapoda","Insecta","Pterygota","Neoptera","Holometabola","Lepidoptera",,,"Pyraloidea","Crambidae","Nymphulinae","Argyractini",,"Petrophila","sp.",,"larva",2,,5,38,13,"N","N",,"condition OK","Y",,"Merritt and Cummins 2008","N","EcoAnalysts Inc.","K. Guild",,,
"e6de2770-d9cc-49a9-9506-36c06c0b23a8","D04","CUPE","CUPE.AOS.reach","2019-06-18T11:23Z","2019-09-19","CUPE.20190618.SURBER.4","A00000113314",,"XIPBOR","Y","Xiphocentron borinquense",,"species","Arthropoda","Hexapoda","Insecta","Pterygota","Neoptera","Holometabola","Trichoptera",,,"Hydropsychoidea","Xiphocentronidae","Xiphocentroninae",,,"Xiphocentron","borinquense",,"larva",4,,1,88,1,"N","N",,"condition OK","Y",,"Flint,1964","N","EcoAnalysts Inc.","K. Guild",,,
"3198fa1f-6d10-4dee-99c8-06f8c7887e24","D04","CUPE","CUPE.AOS.reach","2019-06-18T11:23Z","2019-09-19","CUPE.20190618.SURBER.7","A00000113313",,"CARSP14","Y","Cariboptila sp.",,"genus","Arthropoda","Hexapoda","Insecta","Pterygota","Neoptera","Holometabola","Trichoptera",,,"Glossosomatoidea","Glossosomatidae","Protoptilinae",,,"Cariboptila","sp.",,"larva",1,,10,100,10,"N","N",,"condition OK","Y",,"Wiggins 1996","N","EcoAnalysts Inc.","K. Guild",,,
"841e9a32-352c-4aec-a213-3f410a6d97e6","D04","CUPE","CUPE.AOS.reach","2019-06-18T11:23Z","2019-09-19","CUPE.20190618.SURBER.8","A00000113319",,"CORSP24","Y","Corethrella sp.",,"genus","Arthropoda","Hexapoda","Insecta","Pterygota","Neoptera","Holometabola","Diptera","Nematocera","Culicomorpha",,"Corethrellidae",,,,"Corethrella","sp.",,"larva",1,,1,75,1,"N","N",,"damaged, affecting measurement","Y",,"Merritt, Cummins, and Berg, 2008","N","EcoAnalysts Inc.","K. Guild","Fragment measured",,
"e9b22808-5cc8-4923-80c5-7aab82499dcb","D04","CUPE","CUPE.AOS.reach","2019-06-18T11:23Z","2019-09-19","CUPE.20190618.SURBER.6","A00000113315",,"TANSP11","Y","Tanytarsus sp.",,"genus","Arthropoda","Hexapoda","Insecta","Pterygota","Neoptera","Holometabola","Diptera","Nematocera","Culicomorpha",,"Chironomidae","Chironominae","Tanytarsini",,"Tanytarsus","sp.",,"larva",2,,2,100,2,"N","N",,"condition OK","Y",,"Epler 2001","N","EcoAnalysts Inc.","W. Hoiland",,,
"7f56bc0b-568e-4d6b-9663-0992609f33cd","D04","CUPE","CUPE.AOS.reach","2019-06-18T11:23Z","2019-09-19","CUPE.20190618.SURBER.8","A00000113319",,"CERSP10","Y","Ceratopogoninae sp.",,"subfamily","Arthropoda","Hexapoda","Insecta","Pterygota","Neoptera","Holometabola","Diptera","Nematocera","Culicomorpha",,"Ceratopogonidae","Ceratopogoninae",,,,"sp.",,"larva",5,,1,75,1,"N","N",,"condition OK","Y",,"Merritt and Cummins 2008","N","EcoAnalysts Inc.","K. Guild",,,
"7ec7f0b9-8b84-4776-b76d-8365c06e90d6","D04","CUPE","CUPE.AOS.reach","2019-06-18T11:23Z","2019-09-19","CUPE.20190618.SURBER.2","A00000113317",,"TANSP8","Y","Tanytarsini sp.",,"tribe","Arthropoda","Hexapoda","Insecta","Pterygota","Neoptera","Holometabola","Diptera","Nematocera","Culicomorpha",,"Chironomidae","Chironominae","Tanytarsini",,,"sp.",,"pupa",2,,2,59,3,"N","N",,"condition OK","Y",,"Epler 2001","N","EcoAnalysts Inc.","W. Hoiland",,,
"a05a6904-e9b4-4c31-a544-2d9185c894d7","D04","CUPE","CUPE.AOS.reach","2019-06-18T11:23Z","2019-09-19","CUPE.20190618.SURBER.2","A00000113317",,"HEXSP4","Y","Hexacylloepus sp.",,"genus","Arthropoda","Hexapoda","Insecta","Pterygota","Neoptera","Holometabola","Coleoptera","Polyphaga","Elateriformia","Byrrhoidea","Elmidae","Elminae","Elmini",,"Hexacylloepus","sp.",,"larva",3,,12,59,20,"N","N",,"condition OK","Y",,"Brown and White 1978","N","EcoAnalysts Inc.","K. Guild",,,
"0bd6e2bc-4a85-49fc-9560-2f10ba21218c","D04","CUPE","CUPE.AOS.reach","2019-06-18T11:23Z","2019-09-19","CUPE.20190618.SURBER.8","A00000113319",,"HEXSP4","Y","Hexacylloepus sp.",,"genus","Arthropoda","Hexapoda","Insecta","Pterygota","Neoptera","Holometabola","Coleoptera","Polyphaga","Elateriformia","Byrrhoidea","Elmidae","Elminae","Elmini",,"Hexacylloepus","sp.",,"larva",3,,1,75,1,"N","N",,"condition OK","Y",,"Brown and White 1978","N","EcoAnalysts Inc.","K. Guild",,,
"38939195-ff92-4b28-b574-b20c77529f92","D04","CUPE","CUPE.AOS.reach","2019-06-18T11:23Z","2019-09-19","CUPE.20190618.SURBER.7","A00000113313",,"FALSP","Y","Fallceon sp.",,"genus","Arthropoda","Hexapoda","Insecta","Pterygota","Palaeoptera",,"Ephemeroptera","Pisciforma",,,"Baetidae",,,,"Fallceon","sp.",,"larva",2,,1,100,1,"N","N",,"condition OK","Y",,"Merritt and Cummins 2008","N","EcoAnalysts Inc.","K. Guild",,,
"24f0ef8d-195d-4711-b9db-f06e32fdf41d","D04","CUPE","CUPE.AOS.reach","2019-06-18T11:23Z","2019-09-19","CUPE.20190618.SURBER.8","A00000113319",,"LEPSP4","Y","Leptophlebiidae sp.",,"family","Arthropoda","Hexapoda","Insecta","Pterygota","Palaeoptera",,"Ephemeroptera","Furcatergalia","Lanceolata",,"Leptophlebiidae",,,,,"sp.",,"larva",2,,14,75,19,"Y","N",,"damaged, affecting measurement","N",,"Merritt and Cummins 2008","N","EcoAnalysts Inc.","K. Guild","Fragment measured",,
"9ca12060-32bf-4792-899e-a3943b3b48b8","D04","CUPE","CUPE.AOS.reach","2019-06-18T11:23Z","2019-09-19","CUPE.20190618.SURBER.1","A00000113316",,"PETSP4","Y","Petrophila sp.",,"genus","Arthropoda","Hexapoda","Insecta","Pterygota","Neoptera","Holometabola","Lepidoptera",,,"Pyraloidea","Crambidae","Nymphulinae","Argyractini",,"Petrophila","sp.",,"larva",9,,1,35,3,"N","N",,"condition OK","Y",,"Merritt and Cummins 2008","Y","EcoAnalysts Inc.","K. Guild",,,
"94da07b1-4e27-4fc5-8348-4dd9263c1cf6","D04","CUPE","CUPE.AOS.reach","2019-06-18T11:23Z","2019-09-19","CUPE.20190618.SURBER.4","A00000113314",,"FARSP","Y","Farrodes sp.",,"genus","Arthropoda","Hexapoda","Insecta","Pterygota","Palaeoptera",,"Ephemeroptera","Furcatergalia","Lanceolata",,"Leptophlebiidae",,,,"Farrodes","sp.",,"larva",5,,1,88,1,"N","N",,"condition OK","Y",,"Merritt and Cummins 2008","N","EcoAnalysts Inc.","K. Guild",,,
"4335e16d-69dc-4e5d-a600-e77a1acdce08","D04","CUPE","CUPE.AOS.reach","2019-06-18T11:23Z","2019-09-19","CUPE.20190618.SURBER.4","A00000113314",,"ORTSP1","Y","Orthocladiinae sp.",,"subfamily","Arthropoda","Hexapoda","Insecta","Pterygota","Neoptera","Holometabola","Diptera","Nematocera","Culicomorpha",,"Chironomidae","Orthocladiinae",,,,"sp.",,"pupa",2,,1,88,1,"N","N",,"condition OK","Y",,"Epler 2001","N","EcoAnalysts Inc.","W. Hoiland","close to Thiemaniella",,
"7894c654-088d-4dbe-a79f-dfd1d413c095","D04","CUPE","CUPE.AOS.reach","2019-06-18T11:23Z","2019-09-19","CUPE.20190618.SURBER.7","A00000113313",,"NEOSP27","Y","Neoelmis sp.",,"genus","Arthropoda","Hexapoda","Insecta","Pterygota","Neoptera","Holometabola","Coleoptera","Polyphaga","Elateriformia","Byrrhoidea","Elmidae","Elminae","Elmini",,"Neoelmis","sp.",,"adult",1,,1,100,1,"N","N",,"damaged, affecting measurement","Y",,"Brown and White 1978","N","EcoAnalysts Inc.","K. Guild","Fragment measured",,
"100f4985-4527-40b3-bd9f-6b7153b9e107","D04","CUPE","CUPE.AOS.reach","2019-06-18T11:23Z","2019-09-19","CUPE.20190618.SURBER.6","A00000113315",,"FARSP","Y","Farrodes sp.",,"genus","Arthropoda","Hexapoda","Insecta","Pterygota","Palaeoptera",,"Ephemeroptera","Furcatergalia","Lanceolata",,"Leptophlebiidae",,,,"Farrodes","sp.",,"larva",3,,17,100,17,"N","N",,"condition OK","Y",,"Merritt and Cummins 2008","N","EcoAnalysts Inc.","K. Guild",,,
"27109ed3-4d70-4132-b9a6-0b9fac7b23e9","D04","CUPE","CUPE.AOS.reach","2019-06-18T11:23Z","2019-09-19","CUPE.20190618.SURBER.2","A00000113317",,"HEXSP4","Y","Hexacylloepus sp.",,"genus","Arthropoda","Hexapoda","Insecta","Pterygota","Neoptera","Holometabola","Coleoptera","Polyphaga","Elateriformia","Byrrhoidea","Elmidae","Elminae","Elmini",,"Hexacylloepus","sp.",,"larva",4,,2,59,3,"N","N",,"condition OK","Y",,"Brown and White 1978","N","EcoAnalysts Inc.","K. Guild",,,
"eb725d60-fa18-425f-804e-1a9a99b947a9","D04","CUPE","CUPE.AOS.reach","2019-06-18T11:23Z","2019-09-19","CUPE.20190618.SURBER.7","A00000113313",,"PENSP7","Y","Pentaneura sp.",,"genus","Arthropoda","Hexapoda","Insecta","Pterygota","Neoptera","Holometabola","Diptera","Nematocera","Culicomorpha",,"Chironomidae","Tanypodinae","Pentaneurini",,"Pentaneura","sp.",,"larva",2,,2,100,2,"N","N",,"condition OK","Y",,"Epler 2001, and Maschwitz and Cook 2000","N","EcoAnalysts Inc.","W. Hoiland",,,
"8450bc66-fdc0-4a33-a291-363686ffe0b0","D04","CUPE","CUPE.AOS.reach","2019-06-18T11:23Z","2019-09-19","CUPE.20190618.SURBER.5","A00000113318",,"PHASP11","Y","Phanocerus sp.",,"genus","Arthropoda","Hexapoda","Insecta","Pterygota","Neoptera","Holometabola","Coleoptera","Polyphaga","Elateriformia","Byrrhoidea","Elmidae","Larainae",,,"Phanocerus","sp.",,"larva",2,,9,75,12,"N","N",,"condition OK","Y",,"Brown and White 1978","N","EcoAnalysts Inc.","K. Guild",,,
"23bb918c-b309-4bf9-8c3f-da84fc53feed","D04","CUPE","CUPE.AOS.reach","2019-06-18T11:23Z","2019-09-19","CUPE.20190618.SURBER.5","A00000113318",,"ORTSP1","Y","Orthocladiinae sp.",,"subfamily","Arthropoda","Hexapoda","Insecta","Pterygota","Neoptera","Holometabola","Diptera","Nematocera","Culicomorpha",,"Chironomidae","Orthocladiinae",,,,"sp.",,"pupa",2,,1,75,1,"N","N",,"condition OK","Y",,"Epler 2001","N","EcoAnalysts Inc.","W. Hoiland",,,
"0212665c-6662-4329-9e83-b609c695aeb1","D04","CUPE","CUPE.AOS.reach","2019-06-18T11:23Z","2019-09-19","CUPE.20190618.SURBER.5","A00000113318",,"LIMSP23","Y","Limnophyes sp.",,"genus","Arthropoda","Hexapoda","Insecta","Pterygota","Neoptera","Holometabola","Diptera","Nematocera","Culicomorpha",,"Chironomidae","Orthocladiinae",,,"Limnophyes","sp.",,"larva",3,,2,75,3,"N","N",,"condition OK","Y",,"Epler 2001","N","EcoAnalysts Inc.","W. Hoiland",,,
"123ef2d0-7f26-4167-84af-8b0dff04663e","D04","CUPE","CUPE.AOS.reach","2019-06-18T11:23Z","2019-09-19","CUPE.20190618.SURBER.3","A00000113312",,"PARPOR","Y","Paracloeodes portoricensis",,"species","Arthropoda","Hexapoda","Insecta","Pterygota","Palaeoptera",,"Ephemeroptera","Pisciforma",,,"Baetidae",,,,"Paracloeodes","portoricensis",,"larva",1,,3,38,8,"N","N",,"damaged, affecting measurement","Y",,"Travers,1938","N","EcoAnalysts Inc.","K. Guild","Fragment measured",,
"4c44800d-fc38-4696-a6c2-c264775cb403","D04","CUPE","CUPE.AOS.reach","2019-06-18T11:23Z","2019-09-19","CUPE.20190618.SURBER.1","A00000113316","CUPE.20190618.SURBER.1_ORTHOCLADIINAE SP.","ORTSP1","Y","Orthocladiinae sp.",,"subfamily","Arthropoda","Hexapoda","Insecta","Pterygota","Neoptera","Holometabola","Diptera","Nematocera","Culicomorpha",,"Chironomidae","Orthocladiinae",,,,"sp.",,"larva",2,,1,35,3,"N","Y",,"condition OK","Y",,"Epler 2001","Y","EcoAnalysts Inc.","W. Hoiland",,,
"8fb0b364-b31f-40e5-8ea7-71ab0f37095e","D04","CUPE","CUPE.AOS.reach","2019-06-18T11:23Z","2019-09-19","CUPE.20190618.SURBER.1","A00000113316",,"PETSP4","Y","Petrophila sp.",,"genus","Arthropoda","Hexapoda","Insecta","Pterygota","Neoptera","Holometabola","Lepidoptera",,,"Pyraloidea","Crambidae","Nymphulinae","Argyractini",,"Petrophila","sp.",,"larva",5,,4,35,11,"N","N",,"condition OK","Y",,"Merritt and Cummins 2008","Y","EcoAnalysts Inc.","K. Guild",,,
"24bb1d7e-27f8-464e-bc11-78bb58438cd1","D04","CUPE","CUPE.AOS.reach","2019-06-18T11:23Z","2019-09-19","CUPE.20190618.SURBER.5","A00000113318",,"PARPOR","Y","Paracloeodes portoricensis",,"species","Arthropoda","Hexapoda","Insecta","Pterygota","Palaeoptera",,"Ephemeroptera","Pisciforma",,,"Baetidae",,,,"Paracloeodes","portoricensis",,"larva",2,,1,75,1,"N","N",,"damaged, affecting measurement","Y",,"Travers,1938","N","EcoAnalysts Inc.","K. Guild","Fragment measured",,
"394c5368-1992-4eca-bcde-2500487bf689","D04","CUPE","CUPE.AOS.reach","2019-06-18T11:23Z","2019-09-19","CUPE.20190618.SURBER.8","A00000113319",,"PHASP11","Y","Phanocerus sp.",,"genus","Arthropoda","Hexapoda","Insecta","Pterygota","Neoptera","Holometabola","Coleoptera","Polyphaga","Elateriformia","Byrrhoidea","Elmidae","Larainae",,,"Phanocerus","sp.",,"larva",1,,1,75,1,"N","N",,"condition OK","Y",,"Brown and White 1978","N","EcoAnalysts Inc.","K. Guild",,,
"b5d03649-25f0-46be-afa5-13f428fd2f5c","D04","CUPE","CUPE.AOS.reach","2019-06-18T11:23Z","2019-09-19","CUPE.20190618.SURBER.8","A00000113319","CUPE.20190618.SURBER.8_POLYPEDILUM TRITUM","POLTRI2","Y","Polypedilum tritum",,"species","Arthropoda","Hexapoda","Insecta","Pterygota","Neoptera","Holometabola","Diptera","Nematocera","Culicomorpha",,"Chironomidae","Chironominae","Chironomini",,"Polypedilum","tritum",,"larva",2,,2,75,3,"N","N",,"condition OK","Y",,"Epler 2001, and Maschwitz and Cook 2000","N","EcoAnalysts Inc.","W. Hoiland","In RC",,
"0442c1a4-990e-4857-b11c-99a9be5c8bdc","D04","CUPE","CUPE.AOS.reach","2019-06-18T11:23Z","2019-09-19","CUPE.20190618.SURBER.5","A00000113318",,"THISP2","Y","Thienemanniella sp.",,"genus","Arthropoda","Hexapoda","Insecta","Pterygota","Neoptera","Holometabola","Diptera","Nematocera","Culicomorpha",,"Chironomidae","Orthocladiinae",,,"Thienemanniella","sp.",,"larva",2,,17,75,23,"N","N",,"condition OK","Y",,"Epler 2001","N","EcoAnalysts Inc.","W. Hoiland",,,
"bcbecbda-9464-40a7-98a4-1d4c0172b96d","D04","CUPE","CUPE.AOS.reach","2019-06-18T11:23Z","2019-09-19","CUPE.20190618.SURBER.4","A00000113314",,"ATOTRI","Y","Atopsyche trifida",,"species","Arthropoda","Hexapoda","Insecta","Pterygota","Neoptera","Holometabola","Trichoptera",,,"Rhyacophiloidea","Hydrobiosidae","Hydrobiosinae","Hydrobiosini",,"Atopsyche","trifida",,"pupa",6,,1,88,1,"N","N",,"condition OK","Y",,"Wiggins 1996","N","EcoAnalysts Inc.","K. Guild",,,
"b0c0df3f-4f43-4cbb-b176-5861b232216a","D04","CUPE","CUPE.AOS.reach","2019-06-18T11:23Z","2019-09-19","CUPE.20190618.SURBER.2","A00000113317",,"LEPSP","Y","Lepidoptera sp.",,"order","Arthropoda","Hexapoda","Insecta","Pterygota","Neoptera","Holometabola","Lepidoptera",,,,,,,,,"sp.",,"larva",1,,5,59,9,"Y","N",,"condition OK","N",,"Merritt and Cummins 2008","N","EcoAnalysts Inc.","K. Guild",,,
"72713b78-9116-497d-8f28-bf4074e7fdab","D04","CUPE","CUPE.AOS.reach","2019-06-18T11:23Z","2019-09-19","CUPE.20190618.SURBER.7","A00000113313",,"HEXSP4","Y","Hexacylloepus sp.",,"genus","Arthropoda","Hexapoda","Insecta","Pterygota","Neoptera","Holometabola","Coleoptera","Polyphaga","Elateriformia","Byrrhoidea","Elmidae","Elminae","Elmini",,"Hexacylloepus","sp.",,"adult",2,,1,100,1,"N","N",,"condition OK","Y",,"Brown and White 1978","N","EcoAnalysts Inc.","K. Guild",,,
"42759be3-a8d5-41e1-acf4-58881f4079d4","D04","CUPE","CUPE.AOS.reach","2019-06-18T11:23Z","2019-09-19","CUPE.20190618.SURBER.8","A00000113319",,"CRYSP4","Y","Cryptolabis sp.",,"genus","Arthropoda","Hexapoda","Insecta","Pterygota","Neoptera","Holometabola","Diptera","Nematocera","Tipulomorpha",,"Tipulidae","Limoniinae","Eriopterini",,"Cryptolabis","sp.",,"larva",6,,1,75,1,"N","N",,"condition OK","Y",,"Merritt and Cummins 2008","N","EcoAnalysts Inc.","K. Guild",,,
"6980db29-b40e-437f-9a2e-e77c8ade9dbe","D04","CUPE","CUPE.AOS.reach","2019-06-18T11:23Z","2019-09-19","CUPE.20190618.SURBER.1","A00000113316","CUPE.20190618.SURBER.1_ORTHOCLADIINAE SP.","CRISP6","Y","Cricotopus/Orthocladius sp.",,"speciesGroup","Arthropoda","Hexapoda","Insecta","Pterygota","Neoptera","Holometabola","Diptera","Nematocera","Culicomorpha",,"Chironomidae","Orthocladiinae",,,"Cricotopus/Orthocladius","sp.",,"larva",1,,23,35,65,"Y","N",,"condition OK","N",,"Epler 2001, and Maschwitz and Cook 2000","Y","EcoAnalysts Inc.","W. Hoiland",,,
"ecaecff6-d4ba-4e41-8006-369c7e079ec4","D04","CUPE","CUPE.AOS.reach","2019-06-18T11:23Z","2019-09-19","CUPE.20190618.SURBER.6","A00000113315",,"LIBSP","Y","Libellulidae sp.",,"family","Arthropoda","Hexapoda","Insecta","Pterygota","Palaeoptera",,"Odonata","Anisoptera",,,"Libellulidae",,,,,"sp.",,"larva",1,,1,100,1,"N","N",,"condition OK","Y",,"Needham, Westfall and May 2000","N","EcoAnalysts Inc.","K. Guild",,,
"b2288b08-59a3-4320-83d3-90e8894599f4","D04","CUPE","CUPE.AOS.reach","2019-06-18T11:23Z","2019-09-19","CUPE.20190618.SURBER.1","A00000113316",,"CARSP14","Y","Cariboptila sp.",,"genus","Arthropoda","Hexapoda","Insecta","Pterygota","Neoptera","Holometabola","Trichoptera",,,"Glossosomatoidea","Glossosomatidae","Protoptilinae",,,"Cariboptila","sp.",,"larva",2,,1,35,3,"N","N",,"condition OK","Y",,"Wiggins 1996","Y","EcoAnalysts Inc.","K. Guild",,,
"8cf50671-ac27-42f9-ae07-74f8a26fa642","D04","CUPE","CUPE.AOS.reach","2019-06-18T11:23Z","2019-09-19","CUPE.20190618.SURBER.5","A00000113318",,"LEPSP4","Y","Leptophlebiidae sp.",,"family","Arthropoda","Hexapoda","Insecta","Pterygota","Palaeoptera",,"Ephemeroptera","Furcatergalia","Lanceolata",,"Leptophlebiidae",,,,,"sp.",,"larva",4,,1,75,1,"Y","N",,"damaged, affecting taxonomy","N",,"Merritt and Cummins 2008","N","EcoAnalysts Inc.","K. Guild",,,
"316eb0e1-09b8-42b4-ab69-59b366a9b95c","D04","CUPE","CUPE.AOS.reach","2019-06-18T11:23Z","2019-09-19","CUPE.20190618.SURBER.3","A00000113312",,"GLOSP1","Y","Glossosomatidae sp.",,"family","Arthropoda","Hexapoda","Insecta","Pterygota","Neoptera","Holometabola","Trichoptera",,,"Glossosomatoidea","Glossosomatidae",,,,,"sp.",,"larva",1,,2,38,5,"Y","N",,"condition OK","N",,"Wiggins 1996","N","EcoAnalysts Inc.","K. Guild",,,
"60334fe7-642e-43df-a70a-7e56d1a4acf3","D04","CUPE","CUPE.AOS.reach","2019-06-18T11:23Z","2019-09-19","CUPE.20190618.SURBER.3","A00000113312",,"THISP2","Y","Thienemanniella sp.",,"genus","Arthropoda","Hexapoda","Insecta","Pterygota","Neoptera","Holometabola","Diptera","Nematocera","Culicomorpha",,"Chironomidae","Orthocladiinae",,,"Thienemanniella","sp.",,"larva",1,,1,38,3,"N","N",,"condition OK","Y",,"Epler 2001","N","EcoAnalysts Inc.","W. Hoiland",,,
"d50fb53b-3cfb-404b-8122-46df16fa8a73","D04","CUPE","CUPE.AOS.reach","2019-06-18T11:23Z","2019-09-19","CUPE.20190618.SURBER.2","A00000113317",,"LEPSP4","Y","Leptophlebiidae sp.",,"family","Arthropoda","Hexapoda","Insecta","Pterygota","Palaeoptera",,"Ephemeroptera","Furcatergalia","Lanceolata",,"Leptophlebiidae",,,,,"sp.",,"larva",1,,7,59,12,"Y","N",,"damaged, affecting measurement","N",,"Merritt and Cummins 2008","N","EcoAnalysts Inc.","K. Guild","Fragment measured",,
"92c93832-ca34-486b-8659-a2164c0db31b","D04","CUPE","CUPE.AOS.reach","2019-06-18T11:23Z","2019-09-19","CUPE.20190618.SURBER.6","A00000113315",,"HEXSP4","Y","Hexacylloepus sp.",,"genus","Arthropoda","Hexapoda","Insecta","Pterygota","Neoptera","Holometabola","Coleoptera","Polyphaga","Elateriformia","Byrrhoidea","Elmidae","Elminae","Elmini",,"Hexacylloepus","sp.",,"larva",2,,1,100,1,"N","N",,"condition OK","Y",,"Brown and White 1978","N","EcoAnalysts Inc.","K. Guild",,,
"6de5f350-cb21-4045-9ac8-ee01924ed7a7","D04","CUPE","CUPE.AOS.reach","2019-06-18T11:23Z","2019-09-19","CUPE.20190618.SURBER.8","A00000113319",,"NEMSP","Y","Nematoda sp.",,"phylum","Nematoda",,,,,,,,,,,,,,,"sp.",,"none",1,,1,75,1,"N","N",,"condition OK","Y",,"Thorp and Covich 2001","N","EcoAnalysts Inc.","K. Guild",,,
"892ae66c-1f3c-4f3c-9901-86d0b5da263f","D04","CUPE","CUPE.AOS.reach","2019-06-18T11:23Z","2019-09-19","CUPE.20190618.SURBER.5","A00000113318",,"LEPSP4","Y","Leptophlebiidae sp.",,"family","Arthropoda","Hexapoda","Insecta","Pterygota","Palaeoptera",,"Ephemeroptera","Furcatergalia","Lanceolata",,"Leptophlebiidae",,,,,"sp.",,"larva",2,,9,75,12,"Y","N",,"damaged, affecting taxonomy","N",,"Merritt and Cummins 2008","N","EcoAnalysts Inc.","K. Guild",,,
"41950be8-84a9-48a0-aeeb-efaed4cc2c6f","D04","CUPE","CUPE.AOS.reach","2019-06-18T11:23Z","2019-09-19","CUPE.20190618.SURBER.4","A00000113314",,"GLOSP1","Y","Glossosomatidae sp.",,"family","Arthropoda","Hexapoda","Insecta","Pterygota","Neoptera","Holometabola","Trichoptera",,,"Glossosomatoidea","Glossosomatidae",,,,,"sp.",,"larva",1,,4,88,5,"Y","Y",,"condition OK","N",,"Wiggins 1996","N","EcoAnalysts Inc.","K. Guild",,,
"19910d07-e0b1-4828-8f4c-2325011a28c5","D04","CUPE","CUPE.AOS.reach","2019-06-18T11:23Z","2019-09-19","CUPE.20190618.SURBER.1","A00000113316",,"FARSP","Y","Farrodes sp.",,"genus","Arthropoda","Hexapoda","Insecta","Pterygota","Palaeoptera",,"Ephemeroptera","Furcatergalia","Lanceolata",,"Leptophlebiidae",,,,"Farrodes","sp.",,"larva",3,,6,35,17,"N","N",,"condition OK","Y",,"Merritt and Cummins 2008","Y","EcoAnalysts Inc.","K. Guild",,,
"1e2170b0-6e69-49f3-a5bc-bd438f3867cc","D04","CUPE","CUPE.AOS.reach","2019-06-18T11:23Z","2019-09-19","CUPE.20190618.SURBER.4","A00000113314",,"PETSP4","Y","Petrophila sp.",,"genus","Arthropoda","Hexapoda","Insecta","Pterygota","Neoptera","Holometabola","Lepidoptera",,,"Pyraloidea","Crambidae","Nymphulinae","Argyractini",,"Petrophila","sp.",,"larva",2,,2,88,2,"N","N",,"damaged, affecting measurement","Y",,"Merritt and Cummins 2008","N","EcoAnalysts Inc.","K. Guild","Fragment measured",,
"79d0f325-17d1-497a-8222-cd7ef2c717dc","D04","CUPE","CUPE.AOS.reach","2019-06-18T11:23Z","2019-09-19","CUPE.20190618.SURBER.5","A00000113318",,"PARPOR","Y","Paracloeodes portoricensis",,"species","Arthropoda","Hexapoda","Insecta","Pterygota","Palaeoptera",,"Ephemeroptera","Pisciforma",,,"Baetidae",,,,"Paracloeodes","portoricensis",,"larva",2,,4,75,5,"N","N",,"condition OK","Y",,"Travers,1938","N","EcoAnalysts Inc.","K. Guild",,,
"f16b28b2-2e8d-4970-a1a8-e8033a549593","D04","CUPE","CUPE.AOS.reach","2019-06-18T11:23Z","2019-09-19","CUPE.20190618.SURBER.3","A00000113312",,"XIPBOR","Y","Xiphocentron borinquense",,"species","Arthropoda","Hexapoda","Insecta","Pterygota","Neoptera","Holometabola","Trichoptera",,,"Hydropsychoidea","Xiphocentronidae","Xiphocentroninae",,,"Xiphocentron","borinquense",,"larva",1,,1,38,3,"N","N",,"condition OK","Y",,"Flint,1964","N","EcoAnalysts Inc.","K. Guild",,,
"b878b612-511e-4daf-b83a-8791b2001df1","D04","CUPE","CUPE.AOS.reach","2019-06-18T11:23Z","2019-09-19","CUPE.20190618.SURBER.8","A00000113319",,"PHASP11","Y","Phanocerus sp.",,"genus","Arthropoda","Hexapoda","Insecta","Pterygota","Neoptera","Holometabola","Coleoptera","Polyphaga","Elateriformia","Byrrhoidea","Elmidae","Larainae",,,"Phanocerus","sp.",,"larva",2,,2,75,3,"N","N",,"condition OK","Y",,"Brown and White 1978","N","EcoAnalysts Inc.","K. Guild",,,
"112cb6f2-ec67-4d6a-810f-295e233e64fd","D04","CUPE","CUPE.AOS.reach","2019-06-18T11:23Z","2019-09-19","CUPE.20190618.SURBER.4","A00000113314",,"HEXSP4","Y","Hexacylloepus sp.",,"genus","Arthropoda","Hexapoda","Insecta","Pterygota","Neoptera","Holometabola","Coleoptera","Polyphaga","Elateriformia","Byrrhoidea","Elmidae","Elminae","Elmini",,"Hexacylloepus","sp.",,"larva",3,,9,88,10,"N","N",,"condition OK","Y",,"Brown and White 1978","N","EcoAnalysts Inc.","K. Guild",,,
"737e5323-2e94-4d98-949a-ed26b0ffd71a","D04","CUPE","CUPE.AOS.reach","2019-06-18T11:23Z","2019-09-19","CUPE.20190618.SURBER.3","A00000113312",,"TANSP11","Y","Tanytarsus sp.",,"genus","Arthropoda","Hexapoda","Insecta","Pterygota","Neoptera","Holometabola","Diptera","Nematocera","Culicomorpha",,"Chironomidae","Chironominae","Tanytarsini",,"Tanytarsus","sp.",,"larva",2,,3,38,8,"N","N",,"condition OK","Y",,"Epler 2001","N","EcoAnalysts Inc.","W. Hoiland",,,
"6a78fb96-b52a-499c-a7b7-8a321357a029","D04","CUPE","CUPE.AOS.reach","2019-06-18T11:23Z","2019-09-19","CUPE.20190618.SURBER.3","A00000113312",,"PETSP4","Y","Petrophila sp.",,"genus","Arthropoda","Hexapoda","Insecta","Pterygota","Neoptera","Holometabola","Lepidoptera",,,"Pyraloidea","Crambidae","Nymphulinae","Argyractini",,"Petrophila","sp.",,"larva",3,,6,38,16,"N","N",,"condition OK","Y",,"Merritt and Cummins 2008","N","EcoAnalysts Inc.","K. Guild",,,
"ae636bb9-7836-4564-b5ac-ce0d7ff8135c","D04","CUPE","CUPE.AOS.reach","2019-06-18T11:23Z","2019-09-19","CUPE.20190618.SURBER.8","A00000113319",,"TANSP11","Y","Tanytarsus sp.",,"genus","Arthropoda","Hexapoda","Insecta","Pterygota","Neoptera","Holometabola","Diptera","Nematocera","Culicomorpha",,"Chironomidae","Chironominae","Tanytarsini",,"Tanytarsus","sp.",,"larva",2,,17,75,23,"N","N",,"condition OK","Y",,"Epler 2001","N","EcoAnalysts Inc.","W. Hoiland",,,
"b98864d8-1993-44a0-ae01-8fdd716be548","D04","CUPE","CUPE.AOS.reach","2019-06-18T11:23Z","2019-09-19","CUPE.20190618.SURBER.2","A00000113317",,"PETSP4","Y","Petrophila sp.",,"genus","Arthropoda","Hexapoda","Insecta","Pterygota","Neoptera","Holometabola","Lepidoptera",,,"Pyraloidea","Crambidae","Nymphulinae","Argyractini",,"Petrophila","sp.",,"larva",1,,3,59,5,"N","N",,"condition OK","Y",,"Merritt and Cummins 2008","N","EcoAnalysts Inc.","K. Guild",,,
"0afdbcb5-3b08-4315-8626-f8e03aa95c3d","D04","CUPE","CUPE.AOS.reach","2019-06-18T11:23Z","2019-09-19","CUPE.20190618.SURBER.3","A00000113312",,"POLZAN","Y","Polycentropus zaneta",,"species","Arthropoda","Hexapoda","Insecta","Pterygota","Neoptera","Holometabola","Trichoptera",,,"Hydropsychoidea","Polycentropodidae","Polycentropodinae",,,"Polycentropus","zaneta",,"larva",3,,3,38,8,"N","N",,"condition OK","Y",,"DG Denning 1948","N","EcoAnalysts Inc.","K. Guild",,,
"983a5ac7-c756-47d8-af2f-b49cf0654280","D04","CUPE","CUPE.AOS.reach","2019-06-18T11:23Z","2019-09-19","CUPE.20190618.SURBER.1","A00000113316",,"FARSP","Y","Farrodes sp.",,"genus","Arthropoda","Hexapoda","Insecta","Pterygota","Palaeoptera",,"Ephemeroptera","Furcatergalia","Lanceolata",,"Leptophlebiidae",,,,"Farrodes","sp.",,"larva",4,,1,35,3,"N","N",,"condition OK","Y",,"Merritt and Cummins 2008","Y","EcoAnalysts Inc.","K. Guild",,,
"70be9035-2b49-4b12-a13e-3c223a578be6","D04","CUPE","CUPE.AOS.reach","2019-06-18T11:23Z","2019-09-19","CUPE.20190618.SURBER.8","A00000113319",,"PHYPUL","Y","Phylloicus pulchrus",,"species","Arthropoda","Hexapoda","Insecta","Pterygota","Neoptera","Holometabola","Trichoptera",,,"Leptoceroidea","Calamoceratidae","Calamoceratinae",,,"Phylloicus","pulchrus",,"larva",3,,6,75,8,"N","N",,"condition OK","Y",,"Wiggins 1996","N","EcoAnalysts Inc.","K. Guild",,,
"4e6ea6c8-0d39-4d3c-91e4-54b9cde04304","D04","CUPE","CUPE.AOS.reach","2019-06-18T11:23Z","2019-09-19","CUPE.20190618.SURBER.5","A00000113318",,"PETSP4","Y","Petrophila sp.",,"genus","Arthropoda","Hexapoda","Insecta","Pterygota","Neoptera","Holometabola","Lepidoptera",,,"Pyraloidea","Crambidae","Nymphulinae","Argyractini",,"Petrophila","sp.",,"larva",5,,1,75,1,"N","N",,"condition OK","Y",,"Merritt and Cummins 2008","N","EcoAnalysts Inc.","K. Guild",,,
"ec84ab46-81ea-4788-aa78-67c4f2165d8b","D04","CUPE","CUPE.AOS.reach","2019-06-18T11:23Z","2019-09-19","CUPE.20190618.SURBER.3","A00000113312",,"FARSP","Y","Farrodes sp.",,"genus","Arthropoda","Hexapoda","Insecta","Pterygota","Palaeoptera",,"Ephemeroptera","Furcatergalia","Lanceolata",,"Leptophlebiidae",,,,"Farrodes","sp.",,"larva",3,,25,38,67,"N","N",,"condition OK","Y",,"Merritt and Cummins 2008","N","EcoAnalysts Inc.","K. Guild",,,
"831d80f4-358d-43cf-abe8-d7ab588b15a8","D04","CUPE","CUPE.AOS.reach","2019-06-18T11:23Z","2019-09-19","CUPE.20190618.SURBER.8","A00000113319","CUPE.20190618.SURBER.8_ABLABESMYIA (KARELIA) SP.","ABLKAR","Y","Ablabesmyia (Karelia) sp.",,"subgenus","Arthropoda","Hexapoda","Insecta","Pterygota","Neoptera","Holometabola","Diptera","Nematocera","Culicomorpha",,"Chironomidae","Tanypodinae","Pentaneurini",,"Ablabesmyia","sp.",,"larva",2,,1,75,1,"N","N",,"condition OK","Y",,"Epler 2001, and Maschwitz and Cook 2000","N","EcoAnalysts Inc.","W. Hoiland",,,
"bb9e5c5a-b051-430f-9025-acd14cf78db2","D04","CUPE","CUPE.AOS.reach","2019-06-18T11:23Z","2019-09-19","CUPE.20190618.SURBER.3","A00000113312",,"HEXSP4","Y","Hexacylloepus sp.",,"genus","Arthropoda","Hexapoda","Insecta","Pterygota","Neoptera","Holometabola","Coleoptera","Polyphaga","Elateriformia","Byrrhoidea","Elmidae","Elminae","Elmini",,"Hexacylloepus","sp.",,"larva",4,,1,38,3,"N","N",,"condition OK","Y",,"Brown and White 1978","N","EcoAnalysts Inc.","K. Guild",,,
"0e3184cf-3632-44fe-9411-394d4bb80388","D04","CUPE","CUPE.AOS.reach","2019-06-18T11:23Z","2019-09-19","CUPE.20190618.SURBER.3","A00000113312",,"TANSP8","Y","Tanytarsini sp.",,"tribe","Arthropoda","Hexapoda","Insecta","Pterygota","Neoptera","Holometabola","Diptera","Nematocera","Culicomorpha",,"Chironomidae","Chironominae","Tanytarsini",,,"sp.",,"pupa",2,,1,38,3,"N","N",,"condition OK","Y",,"Epler 2001","N","EcoAnalysts Inc.","W. Hoiland","the specimen in RC is not like the others... it is near Rheotanytarsus",,
"63c59bc6-1395-4a68-a940-80eb29f3da1a","D04","CUPE","CUPE.AOS.reach","2019-06-18T11:23Z","2019-09-19","CUPE.20190618.SURBER.8","A00000113319",,"LABSP","Y","Labrundinia sp.",,"genus","Arthropoda","Hexapoda","Insecta","Pterygota","Neoptera","Holometabola","Diptera","Nematocera","Culicomorpha",,"Chironomidae","Tanypodinae","Pentaneurini",,"Labrundinia","sp.",,"larva",3,,1,75,1,"N","N",,"condition OK","Y",,"Epler 2001","N","EcoAnalysts Inc.","W. Hoiland",,,
"866cb660-1937-4822-9527-ec542df95f76","D04","CUPE","CUPE.AOS.reach","2019-06-18T11:23Z","2019-09-19","CUPE.20190618.SURBER.7","A00000113313",,"LEPSP4","Y","Leptophlebiidae sp.",,"family","Arthropoda","Hexapoda","Insecta","Pterygota","Palaeoptera",,"Ephemeroptera","Furcatergalia","Lanceolata",,"Leptophlebiidae",,,,,"sp.",,"larva",1,,52,100,52,"Y","N",,"damaged, affecting taxonomy","N",,"Merritt and Cummins 2008","N","EcoAnalysts Inc.","K. Guild",,,
"7c16fae1-66e7-4421-8bb4-f66156d9daee","D04","CUPE","CUPE.AOS.reach","2019-06-18T11:23Z","2019-09-19","CUPE.20190618.SURBER.5","A00000113318",,"EMPSP","Y","Empididae sp.",,"family","Arthropoda","Hexapoda","Insecta","Pterygota","Neoptera","Holometabola","Diptera","Brachycera","Muscomorpha",,"Empididae",,,,,"sp.",,"larva",2,,12,75,16,"N","N",,"condition OK","Y",,"Merritt and Cummins 2008","N","EcoAnalysts Inc.","K. Guild",,,
"375912f7-d282-449d-98d8-9df4c53b2efc","D04","CUPE","CUPE.AOS.reach","2019-06-18T11:23Z","2019-09-19","CUPE.20190618.SURBER.8","A00000113319","CUPE.20190618.SURBER.8_POLYPEDILUM TRITUM","POLTRI2","Y","Polypedilum tritum",,"species","Arthropoda","Hexapoda","Insecta","Pterygota","Neoptera","Holometabola","Diptera","Nematocera","Culicomorpha",,"Chironomidae","Chironominae","Chironomini",,"Polypedilum","tritum",,"larva",1,,1,75,1,"N","N",,"condition OK","Y",,"Epler 2001, and Maschwitz and Cook 2000","N","EcoAnalysts Inc.","W. Hoiland",,,
"9e1be2b0-8b4e-446b-bc8c-8d31b0d26323","D04","CUPE","CUPE.AOS.reach","2019-06-18T11:23Z","2019-09-19","CUPE.20190618.SURBER.8","A00000113319",,"PHYPUL","Y","Phylloicus pulchrus",,"species","Arthropoda","Hexapoda","Insecta","Pterygota","Neoptera","Holometabola","Trichoptera",,,"Leptoceroidea","Calamoceratidae","Calamoceratinae",,,"Phylloicus","pulchrus",,"larva",1,,1,75,1,"N","N",,"damaged, affecting measurement","Y",,"Wiggins 1996","N","EcoAnalysts Inc.","K. Guild","Fragment measured",,
"2e7a3f86-e110-4d10-9c71-62e4733ef73e","D04","CUPE","CUPE.AOS.reach","2019-06-18T11:23Z","2019-09-19","CUPE.20190618.SURBER.2","A00000113317",,"NEOSP27","Y","Neoelmis sp.",,"genus","Arthropoda","Hexapoda","Insecta","Pterygota","Neoptera","Holometabola","Coleoptera","Polyphaga","Elateriformia","Byrrhoidea","Elmidae","Elminae","Elmini",,"Neoelmis","sp.",,"adult",2,,22,59,38,"N","N",,"condition OK","Y",,"Brown and White 1978","N","EcoAnalysts Inc.","K. Guild",,,
"41a8aa85-a545-489e-b2d4-3cb11de99086","D04","CUPE","CUPE.AOS.reach","2019-06-18T11:23Z","2019-09-19","CUPE.20190618.SURBER.2","A00000113317",,"XIPBOR","Y","Xiphocentron borinquense",,"species","Arthropoda","Hexapoda","Insecta","Pterygota","Neoptera","Holometabola","Trichoptera",,,"Hydropsychoidea","Xiphocentronidae","Xiphocentroninae",,,"Xiphocentron","borinquense",,"larva",1,,1,59,2,"N","N",,"damaged, affecting measurement","Y",,"Flint,1964","N","EcoAnalysts Inc.","K. Guild","Fragment measured",,
"51cc8a51-e68d-46e0-b312-12ee857ec46b","D04","CUPE","CUPE.AOS.reach","2019-06-18T11:23Z","2019-09-19","CUPE.20190618.SURBER.5","A00000113318",,"STESP8","Y","Stenochironomus sp.",,"genus","Arthropoda","Hexapoda","Insecta","Pterygota","Neoptera","Holometabola","Diptera","Nematocera","Culicomorpha",,"Chironomidae","Chironominae","Chironomini",,"Stenochironomus","sp.",,"larva",7,,1,75,1,"N","N",,"condition OK","Y",,"Epler 2001","N","EcoAnalysts Inc.","K. Guild",,,
"692842c3-4648-44b3-abe1-cd09fe6acf69","D04","CUPE","CUPE.AOS.reach","2019-06-18T11:23Z","2019-09-19","CUPE.20190618.SURBER.6","A00000113315",,"LEPSP4","Y","Leptophlebiidae sp.",,"family","Arthropoda","Hexapoda","Insecta","Pterygota","Palaeoptera",,"Ephemeroptera","Furcatergalia","Lanceolata",,"Leptophlebiidae",,,,,"sp.",,"larva",3,,1,100,1,"N","N",,"damaged, affecting measurement","Y",,"Merritt and Cummins 2008","N","EcoAnalysts Inc.","K. Guild","Fragment measured",,
"da87a921-f8a3-49a3-9a6f-619648b1a867","D04","CUPE","CUPE.AOS.reach","2019-06-18T11:23Z","2019-09-19","CUPE.20190618.SURBER.3","A00000113312",,"ORTSP1","Y","Orthocladiinae sp.",,"subfamily","Arthropoda","Hexapoda","Insecta","Pterygota","Neoptera","Holometabola","Diptera","Nematocera","Culicomorpha",,"Chironomidae","Orthocladiinae",,,,"sp.",,"pupa",2,,3,38,8,"N","Y",,"condition OK","Y",,"Epler 2001","N","EcoAnalysts Inc.","W. Hoiland","similar to Thienemanniella",,
"9145babf-1e4f-43cd-bc92-f83c3c7325f1","D04","CUPE","CUPE.AOS.reach","2019-06-18T11:23Z","2019-09-19","CUPE.20190618.SURBER.3","A00000113312",,"LEPSP4","Y","Leptophlebiidae sp.",,"family","Arthropoda","Hexapoda","Insecta","Pterygota","Palaeoptera",,"Ephemeroptera","Furcatergalia","Lanceolata",,"Leptophlebiidae",,,,,"sp.",,"larva",4,,8,38,21,"Y","N",,"damaged, affecting taxonomy","N",,"Merritt and Cummins 2008","N","EcoAnalysts Inc.","K. Guild",,,
"54c349d8-d1f1-4d17-8943-3e420bda26de","D04","CUPE","CUPE.AOS.reach","2019-06-18T11:23Z","2019-09-19","CUPE.20190618.SURBER.4","A00000113314",,"TURSP","Y","Turbellaria sp.",,"class","Platyhelminthes",,"Turbellaria",,,,,,,,,,,,,"sp.",,"none",3,,1,88,1,"N","N",,"condition OK","Y",,"Thorp and Covich 2001","N","EcoAnalysts Inc.","K. Guild",,,
"f3129a03-2ed6-48da-b4e1-d8052960d009","D04","CUPE","CUPE.AOS.reach","2019-06-18T11:23Z","2019-09-19","CUPE.20190618.SURBER.6","A00000113315",,"LEPSP4","Y","Leptophlebiidae sp.",,"family","Arthropoda","Hexapoda","Insecta","Pterygota","Palaeoptera",,"Ephemeroptera","Furcatergalia","Lanceolata",,"Leptophlebiidae",,,,,"sp.",,"larva",2,,36,100,36,"N","N",,"condition OK","Y",,"Merritt and Cummins 2008","N","EcoAnalysts Inc.","K. Guild",,,
"3caed026-2acb-4ebf-be55-b94c871e8623","D04","CUPE","CUPE.AOS.reach","2019-06-18T11:23Z","2019-09-19","CUPE.20190618.SURBER.1","A00000113316",,"LEPSP4","Y","Leptophlebiidae sp.",,"family","Arthropoda","Hexapoda","Insecta","Pterygota","Palaeoptera",,"Ephemeroptera","Furcatergalia","Lanceolata",,"Leptophlebiidae",,,,,"sp.",,"larva",1,,2,35,6,"Y","N",,"damaged, affecting measurement","N",,"Merritt and Cummins 2008","Y","EcoAnalysts Inc.","K. Guild","Fragment measured",,
"6b0cf0bb-8b53-4237-87f3-f83ff21fb237","D04","CUPE","CUPE.AOS.reach","2019-06-18T11:23Z","2019-09-19","CUPE.20190618.SURBER.4","A00000113314",,"PETSP4","Y","Petrophila sp.",,"genus","Arthropoda","Hexapoda","Insecta","Pterygota","Neoptera","Holometabola","Lepidoptera",,,"Pyraloidea","Crambidae","Nymphulinae","Argyractini",,"Petrophila","sp.",,"larva",4,,6,88,7,"N","N",,"condition OK","Y",,"Merritt and Cummins 2008","N","EcoAnalysts Inc.","K. Guild",,,
"35cdafbc-2909-4849-a492-dc9e4a667c18","D04","CUPE","CUPE.AOS.reach","2019-06-18T11:23Z","2019-09-19","CUPE.20190618.SURBER.5","A00000113318",,"EMPSP","Y","Empididae sp.",,"family","Arthropoda","Hexapoda","Insecta","Pterygota","Neoptera","Holometabola","Diptera","Brachycera","Muscomorpha",,"Empididae",,,,,"sp.",,"larva",1,,22,75,29,"N","N",,"condition OK","Y",,"Merritt and Cummins 2008","N","EcoAnalysts Inc.","K. Guild",,,
"ad111a89-9fcf-451e-8a27-bdc4cfad8118","D04","CUPE","CUPE.AOS.reach","2019-06-18T11:23Z","2019-09-19","CUPE.20190618.SURBER.6","A00000113315",,"CLOSP1","Y","Cloeodes sp.",,"genus","Arthropoda","Hexapoda","Insecta","Pterygota","Palaeoptera",,"Ephemeroptera","Pisciforma",,,"Baetidae",,,,"Cloeodes","sp.",,"larva",1,,1,100,1,"N","N",,"damaged, affecting measurement","Y",,"Merritt and Cummins 2008","N","EcoAnalysts Inc.","K. Guild","Fragment measured",,
"19ea5d33-a736-4bf9-8b49-433cffd67c79","D04","CUPE","CUPE.AOS.reach","2019-06-18T11:23Z","2019-09-19","CUPE.20190618.SURBER.7","A00000113313",,"CARSP14","Y","Cariboptila sp.",,"genus","Arthropoda","Hexapoda","Insecta","Pterygota","Neoptera","Holometabola","Trichoptera",,,"Glossosomatoidea","Glossosomatidae","Protoptilinae",,,"Cariboptila","sp.",,"larva",1,,2,100,2,"N","N",,"damaged, affecting measurement","Y",,"Wiggins 1996","N","EcoAnalysts Inc.","K. Guild","Fragment measured",,
"ae52ae76-019e-4deb-9c90-28dbe04252af","D04","CUPE","CUPE.AOS.reach","2019-06-18T11:23Z","2019-09-19","CUPE.20190618.SURBER.1","A00000113316",,"LEPSP4","Y","Leptophlebiidae sp.",,"family","Arthropoda","Hexapoda","Insecta","Pterygota","Palaeoptera",,"Ephemeroptera","Furcatergalia","Lanceolata",,"Leptophlebiidae",,,,,"sp.",,"larva",2,,1,35,3,"Y","N",,"damaged, affecting measurement","N",,"Merritt and Cummins 2008","Y","EcoAnalysts Inc.","K. Guild","Fragment measured",,
"58f3dc89-d440-41a0-93b7-18dddd653351","D04","CUPE","CUPE.AOS.reach","2019-06-18T11:23Z","2019-09-19","CUPE.20190618.SURBER.8","A00000113319",,"PHYPUL","Y","Phylloicus pulchrus",,"species","Arthropoda","Hexapoda","Insecta","Pterygota","Neoptera","Holometabola","Trichoptera",,,"Leptoceroidea","Calamoceratidae","Calamoceratinae",,,"Phylloicus","pulchrus",,"larva",2,,1,75,1,"N","N",,"condition OK","Y",,"Wiggins 1996","N","EcoAnalysts Inc.","K. Guild",,,
"716c4468-9a11-4a37-9e63-c7f3305b8a51","D04","CUPE","CUPE.AOS.reach","2019-06-18T11:23Z","2019-09-19","CUPE.20190618.SURBER.7","A00000113313",,"PARPOR","Y","Paracloeodes portoricensis",,"species","Arthropoda","Hexapoda","Insecta","Pterygota","Palaeoptera",,"Ephemeroptera","Pisciforma",,,"Baetidae",,,,"Paracloeodes","portoricensis",,"larva",1,,1,100,1,"N","N",,"condition OK","Y",,"Travers,1938","N","EcoAnalysts Inc.","K. Guild",,,
"f02dd94d-0d87-406d-af79-ac231c4bd5ff","D04","CUPE","CUPE.AOS.reach","2019-06-18T11:23Z","2019-09-19","CUPE.20190618.SURBER.4","A00000113314",,"CRISP2","Y","Cricotopus sp.",,"genus","Arthropoda","Hexapoda","Insecta","Pterygota","Neoptera","Holometabola","Diptera","Nematocera","Culicomorpha",,"Chironomidae","Orthocladiinae",,,"Cricotopus","sp.",,"larva",2,,19,88,22,"N","N",,"condition OK","Y",,"Epler 2001, and Maschwitz and Cook 2000","N","EcoAnalysts Inc.","W. Hoiland",,,
"d3027748-767f-43b2-ae74-dc7cb5154072","D04","CUPE","CUPE.AOS.reach","2019-06-18T11:23Z","2019-09-19","CUPE.20190618.SURBER.1","A00000113316","CUPE.20190618.SURBER.1_ORTHOCLADIINAE SP.","CRISP2","Y","Cricotopus sp.",,"genus","Arthropoda","Hexapoda","Insecta","Pterygota","Neoptera","Holometabola","Diptera","Nematocera","Culicomorpha",,"Chironomidae","Orthocladiinae",,,"Cricotopus","sp.",,"pupa",3,,1,35,3,"N","N",,"condition OK","Y",,"Epler 2001, and Maschwitz and Cook 2000","Y","EcoAnalysts Inc.","W. Hoiland",,,
"8514aa18-8ec5-4e9b-83be-4812150adc41","D04","CUPE","CUPE.AOS.reach","2019-06-18T11:23Z","2019-09-19","CUPE.20190618.SURBER.4","A00000113314",,"LIBSP","Y","Libellulidae sp.",,"family","Arthropoda","Hexapoda","Insecta","Pterygota","Palaeoptera",,"Odonata","Anisoptera",,,"Libellulidae",,,,,"sp.",,"larva",5,,2,88,2,"N","N",,"condition OK","Y",,"Needham, Westfall and May 2000","N","EcoAnalysts Inc.","K. Guild",,,
"e8394eb9-0f3d-4290-aaf8-11cbd631d9a4","D04","CUPE","CUPE.AOS.reach","2019-06-18T11:23Z","2019-09-19","CUPE.20190618.SURBER.7","A00000113313",,"FARSP","Y","Farrodes sp.",,"genus","Arthropoda","Hexapoda","Insecta","Pterygota","Palaeoptera",,"Ephemeroptera","Furcatergalia","Lanceolata",,"Leptophlebiidae",,,,"Farrodes","sp.",,"larva",4,,1,100,1,"N","N",,"condition OK","Y",,"Merritt and Cummins 2008","N","EcoAnalysts Inc.","K. Guild",,,
"92083b33-a280-425d-a80e-869f90dba2de","D04","CUPE","CUPE.AOS.reach","2019-06-18T11:23Z","2019-09-19","CUPE.20190618.SURBER.1","A00000113316",,"CARSP14","Y","Cariboptila sp.",,"genus","Arthropoda","Hexapoda","Insecta","Pterygota","Neoptera","Holometabola","Trichoptera",,,"Glossosomatoidea","Glossosomatidae","Protoptilinae",,,"Cariboptila","sp.",,"larva",1,,4,35,11,"N","N",,"condition OK","Y",,"Wiggins 1996","Y","EcoAnalysts Inc.","K. Guild",,,
"86b2d208-44ee-4665-baa1-b1ab90020736","D04","CUPE","CUPE.AOS.reach","2019-06-18T11:23Z","2019-09-19","CUPE.20190618.SURBER.6","A00000113315",,"GLOSP1","Y","Glossosomatidae sp.",,"family","Arthropoda","Hexapoda","Insecta","Pterygota","Neoptera","Holometabola","Trichoptera",,,"Glossosomatoidea","Glossosomatidae",,,,,"sp.",,"larva",1,,1,100,1,"N","N",,"condition OK","Y",,"Wiggins 1996","N","EcoAnalysts Inc.","K. Guild",,,
"dcd46ca2-253f-44d5-812d-80b8c84ddedd","D04","CUPE","CUPE.AOS.reach","2019-06-18T11:23Z","2019-09-19","CUPE.20190618.SURBER.4","A00000113314",,"TANSP8","Y","Tanytarsini sp.",,"tribe","Arthropoda","Hexapoda","Insecta","Pterygota","Neoptera","Holometabola","Diptera","Nematocera","Culicomorpha",,"Chironomidae","Chironominae","Tanytarsini",,,"sp.",,"larva",2,,8,88,9,"N","Y",,"condition OK","Y",,"Epler 2001","N","EcoAnalysts Inc.","W. Hoiland","3 were Rheotanytarsus - like",,
"3365721e-d989-4a7a-97aa-87a673b6107d","D04","CUPE","CUPE.AOS.reach","2019-06-18T11:23Z","2019-09-19","CUPE.20190618.SURBER.6","A00000113315",,"EMPSP","Y","Empididae sp.",,"family","Arthropoda","Hexapoda","Insecta","Pterygota","Neoptera","Holometabola","Diptera","Brachycera","Muscomorpha",,"Empididae",,,,,"sp.",,"larva",2,,1,100,1,"N","N",,"condition OK","Y",,"Merritt and Cummins 2008","N","EcoAnalysts Inc.","K. Guild",,,
"a91cad2c-704b-44f0-90f1-6d7f0820e3bf","D04","CUPE","CUPE.AOS.reach","2019-06-18T11:23Z","2019-09-19","CUPE.20190618.SURBER.4","A00000113314",,"CARSP14","Y","Cariboptila sp.",,"genus","Arthropoda","Hexapoda","Insecta","Pterygota","Neoptera","Holometabola","Trichoptera",,,"Glossosomatoidea","Glossosomatidae","Protoptilinae",,,"Cariboptila","sp.",,"larva",1,,5,88,6,"N","N",,"condition OK","Y",,"Wiggins 1996","N","EcoAnalysts Inc.","K. Guild",,,
"28109854-12f9-4770-8d5e-451b5d4a6c8e","D04","CUPE","CUPE.AOS.reach","2019-06-18T11:23Z","2019-09-19","CUPE.20190618.SURBER.8","A00000113319",,"ANTTUB","Y","Antillopsyche tubicola",,"species","Arthropoda","Hexapoda","Insecta","Pterygota","Neoptera","Holometabola","Trichoptera",,,"Hydropsychoidea","Polycentropodidae","Polycentropodinae",,,"Antillopsyche","tubicola",,"larva",1,,2,75,3,"N","N",,"condition OK","Y",,"Wiggins 1996","N","EcoAnalysts Inc.","K. Guild",,,
"74af6af0-bd14-4590-954b-fc6fc4a1701b","D04","CUPE","CUPE.AOS.reach","2019-06-18T11:23Z","2019-09-19","CUPE.20190618.SURBER.8","A00000113319",,"LARSP","Y","Larsia sp.",,"genus","Arthropoda","Hexapoda","Insecta","Pterygota","Neoptera","Holometabola","Diptera","Nematocera","Culicomorpha",,"Chironomidae","Tanypodinae","Pentaneurini",,"Larsia","sp.",,"larva",2,,4,75,5,"N","N",,"condition OK","Y",,"Epler 2001","N","EcoAnalysts Inc.","W. Hoiland",,,
"67d5f6c2-272a-4d2e-96b1-04b3de08126e","D04","CUPE","CUPE.AOS.reach","2019-06-18T11:23Z","2019-09-19","CUPE.20190618.SURBER.1","A00000113316",,"PETSP4","Y","Petrophila sp.",,"genus","Arthropoda","Hexapoda","Insecta","Pterygota","Neoptera","Holometabola","Lepidoptera",,,"Pyraloidea","Crambidae","Nymphulinae","Argyractini",,"Petrophila","sp.",,"larva",6,,3,35,9,"N","N",,"condition OK","Y",,"Merritt and Cummins 2008","Y","EcoAnalysts Inc.","K. Guild",,,
"f00469dc-8779-427e-9297-35a65587d5fc","D04","CUPE","CUPE.AOS.reach","2019-06-18T11:23Z","2019-09-19","CUPE.20190618.SURBER.6","A00000113315",,"CLOSP1","Y","Cloeodes sp.",,"genus","Arthropoda","Hexapoda","Insecta","Pterygota","Palaeoptera",,"Ephemeroptera","Pisciforma",,,"Baetidae",,,,"Cloeodes","sp.",,"larva",1,,1,100,1,"N","N",,"condition OK","Y",,"Merritt and Cummins 2008","N","EcoAnalysts Inc.","K. Guild",,,
"234e0306-99c7-4f7b-9a67-3c9e202887b7","D04","CUPE","CUPE.AOS.reach","2019-06-18T11:23Z","2019-09-19","CUPE.20190618.SURBER.5","A00000113318",,"FARSP","Y","Farrodes sp.",,"genus","Arthropoda","Hexapoda","Insecta","Pterygota","Palaeoptera",,"Ephemeroptera","Furcatergalia","Lanceolata",,"Leptophlebiidae",,,,"Farrodes","sp.",,"larva",4,,1,75,1,"N","N",,"condition OK","Y",,"Merritt and Cummins 2008","N","EcoAnalysts Inc.","K. Guild",,,
"e66c3c7a-bedd-42ea-b39d-f5070448f88c","D04","CUPE","CUPE.AOS.reach","2019-06-18T11:23Z","2019-09-19","CUPE.20190618.SURBER.4","A00000113314",,"LIBSP","Y","Libellulidae sp.",,"family","Arthropoda","Hexapoda","Insecta","Pterygota","Palaeoptera",,"Odonata","Anisoptera",,,"Libellulidae",,,,,"sp.",,"larva",1,,1,88,1,"N","N",,"condition OK","Y",,"Needham, Westfall and May 2000","N","EcoAnalysts Inc.","K. Guild",,,
"a617ced8-9c1f-4a29-bf80-3d71620ef991","D04","CUPE","CUPE.AOS.reach","2019-06-18T11:23Z","2019-09-19","CUPE.20190618.SURBER.5","A00000113318",,"ALISP","Y","Alisotrichia sp.",,"genus","Arthropoda","Hexapoda","Insecta","Pterygota","Neoptera","Holometabola","Trichoptera",,,"Hydroptiloidea","Hydroptilidae","Hydroptilinae","Leucotrichiini",,"Alisotrichia","sp.",,"larva",1,,1,75,1,"N","N",,"condition OK","Y",,"Wiggins 1996","N","EcoAnalysts Inc.","K. Guild",,,
"a3762f8c-06a5-4ee2-8c24-6752046e274d","D04","CUPE","CUPE.AOS.reach","2019-06-18T11:23Z","2019-09-19","CUPE.20190618.SURBER.5","A00000113318",,"STESP8","Y","Stenochironomus sp.",,"genus","Arthropoda","Hexapoda","Insecta","Pterygota","Neoptera","Holometabola","Diptera","Nematocera","Culicomorpha",,"Chironomidae","Chironominae","Chironomini",,"Stenochironomus","sp.",,"larva",4,,3,75,4,"N","N",,"condition OK","Y",,"Epler 2001","N","EcoAnalysts Inc.","K. Guild",,,
"0154522b-ee71-4cf0-ad95-63407c16fc4f","D04","CUPE","CUPE.AOS.reach","2019-06-18T11:23Z","2019-09-19","CUPE.20190618.SURBER.5","A00000113318",,"ATRSP3","Y","Atractides sp.",,"genus","Arthropoda","Chelicerata","Arachnida","Acari",,"Acariformes","Trombidiformes","Prostigmata",,"Hygrobatoidea","Hygrobatidae",,,,"Atractides","sp.",,"none",1,,5,75,7,"N","N",,"condition OK","Y",,"Thorp and Covich 2001","N","EcoAnalysts Inc.","K. Guild",,,
"22a5eafd-6695-4d5b-a56f-f4178431a9c3","D04","CUPE","CUPE.AOS.reach","2019-06-18T11:23Z","2019-09-19","CUPE.20190618.SURBER.6","A00000113315",,"CORSP24","Y","Corethrella sp.",,"genus","Arthropoda","Hexapoda","Insecta","Pterygota","Neoptera","Holometabola","Diptera","Nematocera","Culicomorpha",,"Corethrellidae",,,,"Corethrella","sp.",,"larva",2,,1,100,1,"N","N",,"condition OK","Y",,"Merritt, Cummins, and Berg, 2008","N","EcoAnalysts Inc.","K. Guild",,,
"d4555d1d-db07-4a50-bec9-12b5ec9a9109","D04","CUPE","CUPE.AOS.reach","2019-06-18T11:23Z","2019-09-19","CUPE.20190618.SURBER.5","A00000113318",,"XIPBOR","Y","Xiphocentron borinquense",,"species","Arthropoda","Hexapoda","Insecta","Pterygota","Neoptera","Holometabola","Trichoptera",,,"Hydropsychoidea","Xiphocentronidae","Xiphocentroninae",,,"Xiphocentron","borinquense",,"larva",2,,1,75,1,"N","N",,"condition OK","Y",,"Flint,1964","N","EcoAnalysts Inc.","K. Guild",,,
"dc54c3a9-4290-4fa6-949d-eef2cd6d87ea","D04","CUPE","CUPE.AOS.reach","2019-06-18T11:23Z","2019-09-19","CUPE.20190618.SURBER.7","A00000113313",,"LEPSP4","Y","Leptophlebiidae sp.",,"family","Arthropoda","Hexapoda","Insecta","Pterygota","Palaeoptera",,"Ephemeroptera","Furcatergalia","Lanceolata",,"Leptophlebiidae",,,,,"sp.",,"larva",1,,9,100,9,"Y","N",,"damaged, affecting measurement","N",,"Merritt and Cummins 2008","N","EcoAnalysts Inc.","K. Guild","Fragment measured",,
"c6896c6d-db0e-4c58-85fc-c939172d0127","D04","CUPE","CUPE.AOS.reach","2019-06-18T11:23Z","2019-09-19","CUPE.20190618.SURBER.2","A00000113317",,"TANSP11","Y","Tanytarsus sp.",,"genus","Arthropoda","Hexapoda","Insecta","Pterygota","Neoptera","Holometabola","Diptera","Nematocera","Culicomorpha",,"Chironomidae","Chironominae","Tanytarsini",,"Tanytarsus","sp.",,"larva",2,,3,59,5,"N","N",,"condition OK","Y",,"Epler 2001","N","EcoAnalysts Inc.","W. Hoiland",,,
"923631cb-6b1f-4769-a69d-a82de30c864e","D04","CUPE","CUPE.AOS.reach","2019-06-18T11:23Z","2019-09-19","CUPE.20190618.SURBER.7","A00000113313",,"EMPSP","Y","Empididae sp.",,"family","Arthropoda","Hexapoda","Insecta","Pterygota","Neoptera","Holometabola","Diptera","Brachycera","Muscomorpha",,"Empididae",,,,,"sp.",,"larva",2,,1,100,1,"N","N",,"condition OK","Y",,"Merritt and Cummins 2008","N","EcoAnalysts Inc.","K. Guild",,,
"c0e99fcc-e299-4f83-a4f2-5b261a2e2be0","D04","CUPE","CUPE.AOS.reach","2019-06-18T11:23Z","2019-09-19","CUPE.20190618.SURBER.1","A00000113316",,"FALSP","Y","Fallceon sp.",,"genus","Arthropoda","Hexapoda","Insecta","Pterygota","Palaeoptera",,"Ephemeroptera","Pisciforma",,,"Baetidae",,,,"Fallceon","sp.",,"larva",1,,1,35,3,"N","N",,"condition OK","Y",,"Merritt and Cummins 2008","Y","EcoAnalysts Inc.","K. Guild",,,
"4cdce676-70af-4fef-a45f-2c67b1ad49c6","D04","CUPE","CUPE.AOS.reach","2019-06-18T11:23Z","2019-09-19","CUPE.20190618.SURBER.8","A00000113319",,"PROVIR1","Y","Protoneura viridis",,"species","Arthropoda","Hexapoda","Insecta","Pterygota","Palaeoptera",,"Odonata","Zygoptera",,,"Protoneuridae",,,,"Protoneura","viridis",,"larva",4,,1,75,1,"N","N",,"condition OK","Y",,"Westfall and May 1996","N","EcoAnalysts Inc.","K. Guild","EcoA ID=Protoneura viridis",,
"187a0b8d-905c-4d39-b504-a8d8c424b070","D04","CUPE","CUPE.AOS.reach","2019-06-18T11:23Z","2019-09-19","CUPE.20190618.SURBER.2","A00000113317",,"HEXSP4","Y","Hexacylloepus sp.",,"genus","Arthropoda","Hexapoda","Insecta","Pterygota","Neoptera","Holometabola","Coleoptera","Polyphaga","Elateriformia","Byrrhoidea","Elmidae","Elminae","Elmini",,"Hexacylloepus","sp.",,"larva",1,,1,59,2,"N","N",,"condition OK","Y",,"Brown and White 1978","N","EcoAnalysts Inc.","K. Guild",,,
"b86e6d40-b641-4fcc-93a1-2c4aea9fce01","D04","CUPE","CUPE.AOS.reach","2019-06-18T11:23Z","2019-09-19","CUPE.20190618.SURBER.8","A00000113319",,"BAESP","Y","Baetidae sp.",,"family","Arthropoda","Hexapoda","Insecta","Pterygota","Palaeoptera",,"Ephemeroptera","Pisciforma",,,"Baetidae",,,,,"sp.",,"larva",1,,1,75,1,"Y","N",,"condition OK","N",,"Merritt and Cummins 2008","N","EcoAnalysts Inc.","K. Guild",,,
"21bd7f14-122c-4517-8b49-f8f24fe4ed4d","D04","CUPE","CUPE.AOS.reach","2019-06-18T11:23Z","2019-09-19","CUPE.20190618.SURBER.1","A00000113316",,"ATOTRI","Y","Atopsyche trifida",,"species","Arthropoda","Hexapoda","Insecta","Pterygota","Neoptera","Holometabola","Trichoptera",,,"Rhyacophiloidea","Hydrobiosidae","Hydrobiosinae","Hydrobiosini",,"Atopsyche","trifida",,"larva",2,,1,35,3,"N","N",,"condition OK","Y",,"Wiggins 1996","Y","EcoAnalysts Inc.","K. Guild",,,
"87ef5b4a-3150-466f-acfc-8451fac2f5b3","D04","CUPE","CUPE.AOS.reach","2019-06-18T11:23Z","2019-09-19","CUPE.20190618.SURBER.5","A00000113318",,"ORTSP1","Y","Orthocladiinae sp.",,"subfamily","Arthropoda","Hexapoda","Insecta","Pterygota","Neoptera","Holometabola","Diptera","Nematocera","Culicomorpha",,"Chironomidae","Orthocladiinae",,,,"sp.",,"larva",2,,3,75,4,"N","N",,"condition OK","Y",,"Epler 2001","N","EcoAnalysts Inc.","W. Hoiland",,,
"f44f8c1f-bbbf-4b55-9de9-8fcd1f724de6","D04","CUPE","CUPE.AOS.reach","2019-06-18T11:23Z","2019-09-19","CUPE.20190618.SURBER.1","A00000113316",,"PETSP4","Y","Petrophila sp.",,"genus","Arthropoda","Hexapoda","Insecta","Pterygota","Neoptera","Holometabola","Lepidoptera",,,"Pyraloidea","Crambidae","Nymphulinae","Argyractini",,"Petrophila","sp.",,"larva",2,,20,35,57,"N","N",,"condition OK","Y",,"Merritt and Cummins 2008","Y","EcoAnalysts Inc.","K. Guild",,,
"6c8e272c-0380-4e29-8665-a1bb576b38d9","D04","CUPE","CUPE.AOS.reach","2019-06-18T11:23Z","2019-09-19","CUPE.20190618.SURBER.8","A00000113319",,"CORSP24","Y","Corethrella sp.",,"genus","Arthropoda","Hexapoda","Insecta","Pterygota","Neoptera","Holometabola","Diptera","Nematocera","Culicomorpha",,"Corethrellidae",,,,"Corethrella","sp.",,"larva",1,,6,75,8,"N","N",,"condition OK","Y",,"Merritt, Cummins, and Berg, 2008","N","EcoAnalysts Inc.","K. Guild",,,
"3dddb278-365f-4c18-be30-a2c39bbb0f91","D04","CUPE","CUPE.AOS.reach","2019-06-18T11:23Z","2019-09-19","CUPE.20190618.SURBER.2","A00000113317",,"EMPSP","Y","Empididae sp.",,"family","Arthropoda","Hexapoda","Insecta","Pterygota","Neoptera","Holometabola","Diptera","Brachycera","Muscomorpha",,"Empididae",,,,,"sp.",,"pupa",2,,1,59,2,"N","N",,"condition OK","Y",,"Merritt and Cummins 2008","N","EcoAnalysts Inc.","K. Guild",,,
"5f47d065-eb71-480a-a4ab-cab7abc9a91d","D04","CUPE","CUPE.AOS.reach","2019-06-18T11:23Z","2019-09-19","CUPE.20190618.SURBER.6","A00000113315",,"HEXSP4","Y","Hexacylloepus sp.",,"genus","Arthropoda","Hexapoda","Insecta","Pterygota","Neoptera","Holometabola","Coleoptera","Polyphaga","Elateriformia","Byrrhoidea","Elmidae","Elminae","Elmini",,"Hexacylloepus","sp.",,"larva",3,,10,100,10,"N","N",,"condition OK","Y",,"Brown and White 1978","N","EcoAnalysts Inc.","K. Guild",,,
"9d711ca7-afed-48a9-9720-348a7a9791c7","D04","CUPE","CUPE.AOS.reach","2019-06-18T11:23Z","2019-09-19","CUPE.20190618.SURBER.3","A00000113312",,"LEPSP4","Y","Leptophlebiidae sp.",,"family","Arthropoda","Hexapoda","Insecta","Pterygota","Palaeoptera",,"Ephemeroptera","Furcatergalia","Lanceolata",,"Leptophlebiidae",,,,,"sp.",,"larva",1,,9,38,24,"Y","N",,"damaged, affecting measurement","N",,"Merritt and Cummins 2008","N","EcoAnalysts Inc.","K. Guild","Fragment measured",,
"9021ce0f-5cef-42ef-9bb2-9c48d024fdd6","D04","CUPE","CUPE.AOS.reach","2019-06-18T11:23Z","2019-09-19","CUPE.20190618.SURBER.8","A00000113319",,"POLZAN","Y","Polycentropus zaneta",,"species","Arthropoda","Hexapoda","Insecta","Pterygota","Neoptera","Holometabola","Trichoptera",,,"Hydropsychoidea","Polycentropodidae","Polycentropodinae",,,"Polycentropus","zaneta",,"larva",7,,1,75,1,"N","N",,"damaged, affecting measurement","Y",,"DG Denning 1948","N","EcoAnalysts Inc.","K. Guild","Fragment measured",,
"c258e696-097f-4941-8def-cfdb61bb0d04","D04","CUPE","CUPE.AOS.reach","2019-06-18T11:23Z","2019-09-19","CUPE.20190618.SURBER.3","A00000113312",,"TANSP8","Y","Tanytarsini sp.",,"tribe","Arthropoda","Hexapoda","Insecta","Pterygota","Neoptera","Holometabola","Diptera","Nematocera","Culicomorpha",,"Chironomidae","Chironominae","Tanytarsini",,,"sp.",,"larva",2,,34,38,91,"N","N",,"condition OK","Y",,"Epler 2001","N","EcoAnalysts Inc.","W. Hoiland","the specimen in RC is not like the others... it is near Rheotanytarsus",,
"64042669-fd3e-4d05-bef3-4c26d5e6ec31","D04","CUPE","CUPE.AOS.reach","2019-06-18T11:23Z","2019-09-19","CUPE.20190618.SURBER.8","A00000113319",,"FARSP","Y","Farrodes sp.",,"genus","Arthropoda","Hexapoda","Insecta","Pterygota","Palaeoptera",,"Ephemeroptera","Furcatergalia","Lanceolata",,"Leptophlebiidae",,,,"Farrodes","sp.",,"larva",3,,16,75,21,"N","N",,"condition OK","Y",,"Merritt and Cummins 2008","N","EcoAnalysts Inc.","K. Guild",,,
"60896118-ac61-437a-8a12-665efbd75c55","D04","CUPE","CUPE.AOS.reach","2019-06-18T11:23Z","2019-09-19","CUPE.20190618.SURBER.3","A00000113312",,"LIBSP","Y","Libellulidae sp.",,"family","Arthropoda","Hexapoda","Insecta","Pterygota","Palaeoptera",,"Odonata","Anisoptera",,,"Libellulidae",,,,,"sp.",,"larva",1,,1,38,3,"N","N",,"condition OK","Y",,"Needham, Westfall and May 2000","N","EcoAnalysts Inc.","K. Guild",,,
"b32e9f97-1114-433b-9009-f0d16251d715","D04","CUPE","CUPE.AOS.reach","2019-06-18T11:23Z","2019-09-19","CUPE.20190618.SURBER.4","A00000113314",,"PETSP4","Y","Petrophila sp.",,"genus","Arthropoda","Hexapoda","Insecta","Pterygota","Neoptera","Holometabola","Lepidoptera",,,"Pyraloidea","Crambidae","Nymphulinae","Argyractini",,"Petrophila","sp.",,"larva",3,,2,88,2,"N","N",,"damaged, affecting measurement","Y",,"Merritt and Cummins 2008","N","EcoAnalysts Inc.","K. Guild","Fragment measured",,
"6211adaa-e197-4a44-b3c7-aca17d635161","D04","CUPE","CUPE.AOS.reach","2019-06-18T11:23Z","2019-09-19","CUPE.20190618.SURBER.5","A00000113318",,"FARSP","Y","Farrodes sp.",,"genus","Arthropoda","Hexapoda","Insecta","Pterygota","Palaeoptera",,"Ephemeroptera","Furcatergalia","Lanceolata",,"Leptophlebiidae",,,,"Farrodes","sp.",,"larva",6,,1,75,1,"N","N",,"condition OK","Y",,"Merritt and Cummins 2008","N","EcoAnalysts Inc.","K. Guild",,,
"e672ab1c-d827-4c8e-bf63-05a38cc21c2e","D04","CUPE","CUPE.AOS.reach","2019-06-18T11:23Z","2019-09-19","CUPE.20190618.SURBER.4","A00000113314",,"LEPSP","Y","Lepidoptera sp.",,"order","Arthropoda","Hexapoda","Insecta","Pterygota","Neoptera","Holometabola","Lepidoptera",,,,,,,,,"sp.",,"larva",1,,3,88,3,"Y","N",,"damaged, affecting measurement","N",,"Merritt and Cummins 2008","N","EcoAnalysts Inc.","K. Guild","Fragment measured",,
"93344cca-5151-47ac-ab9b-fe6362a2fd31","D04","CUPE","CUPE.AOS.reach","2019-06-18T11:23Z","2019-09-19","CUPE.20190618.SURBER.2","A00000113317",,"PETSP4","Y","Petrophila sp.",,"genus","Arthropoda","Hexapoda","Insecta","Pterygota","Neoptera","Holometabola","Lepidoptera",,,"Pyraloidea","Crambidae","Nymphulinae","Argyractini",,"Petrophila","sp.",,"larva",6,,5,59,9,"N","N",,"condition OK","Y",,"Merritt and Cummins 2008","N","EcoAnalysts Inc.","K. Guild",,,
"3dad50dd-e6f5-4a4e-91a5-658a84ab46ec","D04","CUPE","CUPE.AOS.reach","2019-06-18T11:23Z","2019-09-19","CUPE.20190618.SURBER.6","A00000113315",,"XESSP","Y","Xestochironomus sp.",,"genus","Arthropoda","Hexapoda","Insecta","Pterygota","Neoptera","Holometabola","Diptera","Nematocera","Culicomorpha",,"Chironomidae","Chironominae","Chironomini",,"Xestochironomus","sp.",,"larva",2,,1,100,1,"N","N",,"condition OK","Y",,"Epler 2001, and Maschwitz and Cook 2000","N","EcoAnalysts Inc.","W. Hoiland",,,
"1f7be8a8-2610-4675-84cc-1079507ba701","D04","CUPE","CUPE.AOS.reach","2019-06-18T11:23Z","2019-09-19","CUPE.20190618.SURBER.5","A00000113318",,"ATOTRI","Y","Atopsyche trifida",,"species","Arthropoda","Hexapoda","Insecta","Pterygota","Neoptera","Holometabola","Trichoptera",,,"Rhyacophiloidea","Hydrobiosidae","Hydrobiosinae","Hydrobiosini",,"Atopsyche","trifida",,"larva",6,,1,75,1,"N","N",,"condition OK","Y",,"Wiggins 1996","N","EcoAnalysts Inc.","K. Guild",,,
"56ea1aae-06da-4156-8600-93db0af6d468","D04","CUPE","CUPE.AOS.reach","2019-06-18T11:23Z","2019-09-19","CUPE.20190618.SURBER.5","A00000113318",,"FALSP","Y","Fallceon sp.",,"genus","Arthropoda","Hexapoda","Insecta","Pterygota","Palaeoptera",,"Ephemeroptera","Pisciforma",,,"Baetidae",,,,"Fallceon","sp.",,"larva",1,,1,75,1,"N","N",,"condition OK","Y",,"Merritt and Cummins 2008","N","EcoAnalysts Inc.","K. Guild",,,
"37d4c1c1-f22a-495b-8b7e-7701bb6e2443","D04","CUPE","CUPE.AOS.reach","2019-06-18T11:23Z","2019-09-19","CUPE.20190618.SURBER.2","A00000113317",,"FARSP","Y","Farrodes sp.",,"genus","Arthropoda","Hexapoda","Insecta","Pterygota","Palaeoptera",,"Ephemeroptera","Furcatergalia","Lanceolata",,"Leptophlebiidae",,,,"Farrodes","sp.",,"larva",4,,1,59,2,"N","N",,"condition OK","Y",,"Merritt and Cummins 2008","N","EcoAnalysts Inc.","K. Guild",,,
"25e41ddb-d64a-45e8-b34a-09508c540cbd","D04","CUPE","CUPE.AOS.reach","2019-06-18T11:23Z","2019-09-19","CUPE.20190618.SURBER.7","A00000113313",,"LIBSP","Y","Libellulidae sp.",,"family","Arthropoda","Hexapoda","Insecta","Pterygota","Palaeoptera",,"Odonata","Anisoptera",,,"Libellulidae",,,,,"sp.",,"larva",1,,2,100,2,"N","N",,"condition OK","Y",,"Needham, Westfall and May 2000","N","EcoAnalysts Inc.","K. Guild",,,
"9e382882-2946-4577-9f84-f9f122d76d9e","D04","CUPE","CUPE.AOS.reach","2019-06-18T11:23Z","2019-09-19","CUPE.20190618.SURBER.7","A00000113313",,"PENSP7","Y","Pentaneura sp.",,"genus","Arthropoda","Hexapoda","Insecta","Pterygota","Neoptera","Holometabola","Diptera","Nematocera","Culicomorpha",,"Chironomidae","Tanypodinae","Pentaneurini",,"Pentaneura","sp.",,"larva",3,,1,100,1,"N","N",,"condition OK","Y",,"Epler 2001, and Maschwitz and Cook 2000","N","EcoAnalysts Inc.","W. Hoiland",,,
"65f2002c-98a0-48a4-9589-81b51f8f5f3d","D04","CUPE","CUPE.AOS.reach","2019-06-18T11:23Z","2019-09-19","CUPE.20190618.SURBER.5","A00000113318",,"NEOSP27","Y","Neoelmis sp.",,"genus","Arthropoda","Hexapoda","Insecta","Pterygota","Neoptera","Holometabola","Coleoptera","Polyphaga","Elateriformia","Byrrhoidea","Elmidae","Elminae","Elmini",,"Neoelmis","sp.",,"larva",3,,1,75,1,"N","N",,"condition OK","Y",,"Brown and White 1978","N","EcoAnalysts Inc.","K. Guild",,,
"79dad0d7-1e68-47d1-9afc-ee79c88a8cca","D04","CUPE","CUPE.AOS.reach","2019-06-18T11:23Z","2019-09-19","CUPE.20190618.SURBER.3","A00000113312",,"PARPOR","Y","Paracloeodes portoricensis",,"species","Arthropoda","Hexapoda","Insecta","Pterygota","Palaeoptera",,"Ephemeroptera","Pisciforma",,,"Baetidae",,,,"Paracloeodes","portoricensis",,"larva",2,,2,38,5,"N","N",,"condition OK","Y",,"Travers,1938","N","EcoAnalysts Inc.","K. Guild",,,
"28fe23f8-5d68-4311-b62b-fb01b9cf2ca8","D04","CUPE","CUPE.AOS.reach","2019-06-18T11:23Z","2019-09-19","CUPE.20190618.SURBER.4","A00000113314",,"TANSP8","Y","Tanytarsini sp.",,"tribe","Arthropoda","Hexapoda","Insecta","Pterygota","Neoptera","Holometabola","Diptera","Nematocera","Culicomorpha",,"Chironomidae","Chironominae","Tanytarsini",,,"sp.",,"pupa",2,,1,88,1,"N","Y",,"condition OK","Y",,"Epler 2001","N","EcoAnalysts Inc.","W. Hoiland","3 were Rheotanytarsus - like",,
"47ec8509-5502-4dc7-b970-3de3594123b4","D04","CUPE","CUPE.AOS.reach","2019-06-18T11:23Z","2019-09-19","CUPE.20190618.SURBER.1","A00000113316",,"HELSP7","Y","Helicopsyche sp.",,"genus","Arthropoda","Hexapoda","Insecta","Pterygota","Neoptera","Holometabola","Trichoptera",,,"Sericostomatoidea","Helicopsychidae",,,,"Helicopsyche","sp.",,"larva",1,,4,35,11,"N","N",,"condition OK","Y",,"Wiggins 1996","Y","EcoAnalysts Inc.","K. Guild",,,
"f07935ed-7f1a-4307-9355-d2963418461e","D04","CUPE","CUPE.AOS.reach","2019-06-18T11:23Z","2019-09-19","CUPE.20190618.SURBER.4","A00000113314",,"FARSP","Y","Farrodes sp.",,"genus","Arthropoda","Hexapoda","Insecta","Pterygota","Palaeoptera",,"Ephemeroptera","Furcatergalia","Lanceolata",,"Leptophlebiidae",,,,"Farrodes","sp.",,"larva",3,,3,88,3,"N","N",,"condition OK","Y",,"Merritt and Cummins 2008","N","EcoAnalysts Inc.","K. Guild",,,
"3abe36d6-880e-4a09-b548-25bb3ba9d3a3","D04","CUPE","CUPE.AOS.reach","2019-06-18T11:23Z","2019-09-19","CUPE.20190618.SURBER.5","A00000113318",,"CORSP19","Y","Corynoneura sp.",,"genus","Arthropoda","Hexapoda","Insecta","Pterygota","Neoptera","Holometabola","Diptera","Nematocera","Culicomorpha",,"Chironomidae","Orthocladiinae",,,"Corynoneura","sp.",,"larva",2,,36,75,48,"N","N",,"condition OK","Y",,"Epler 2001","N","EcoAnalysts Inc.","W. Hoiland",,,
"3326894a-b737-43bc-b621-fc39df279536","D04","CUPE","CUPE.AOS.reach","2019-06-18T11:23Z","2019-09-19","CUPE.20190618.SURBER.5","A00000113318",,"ATOTRI","Y","Atopsyche trifida",,"species","Arthropoda","Hexapoda","Insecta","Pterygota","Neoptera","Holometabola","Trichoptera",,,"Rhyacophiloidea","Hydrobiosidae","Hydrobiosinae","Hydrobiosini",,"Atopsyche","trifida",,"larva",5,,1,75,1,"N","N",,"condition OK","Y",,"Wiggins 1996","N","EcoAnalysts Inc.","K. Guild",,,
"d8cbf81d-2de9-42af-9ff5-6e06f212055e","D04","CUPE","CUPE.AOS.reach","2019-06-18T11:23Z","2019-09-19","CUPE.20190618.SURBER.5","A00000113318",,"PETSP4","Y","Petrophila sp.",,"genus","Arthropoda","Hexapoda","Insecta","Pterygota","Neoptera","Holometabola","Lepidoptera",,,"Pyraloidea","Crambidae","Nymphulinae","Argyractini",,"Petrophila","sp.",,"larva",6,,1,75,1,"N","N",,"condition OK","Y",,"Merritt and Cummins 2008","N","EcoAnalysts Inc.","K. Guild",,,
"4d403f3f-5dfb-463d-9ca2-fc382113b49f","D04","CUPE","CUPE.AOS.reach","2019-06-18T11:23Z","2019-09-19","CUPE.20190618.SURBER.7","A00000113313",,"PETSP4","Y","Petrophila sp.",,"genus","Arthropoda","Hexapoda","Insecta","Pterygota","Neoptera","Holometabola","Lepidoptera",,,"Pyraloidea","Crambidae","Nymphulinae","Argyractini",,"Petrophila","sp.",,"larva",4,,2,100,2,"N","N",,"condition OK","Y",,"Merritt and Cummins 2008","N","EcoAnalysts Inc.","K. Guild",,,
"187895d2-4f92-46dd-bd93-57f3913dab6a","D04","CUPE","CUPE.AOS.reach","2019-06-18T11:23Z","2019-09-19","CUPE.20190618.SURBER.7","A00000113313",,"GLOSP1","Y","Glossosomatidae sp.",,"family","Arthropoda","Hexapoda","Insecta","Pterygota","Neoptera","Holometabola","Trichoptera",,,"Glossosomatoidea","Glossosomatidae",,,,,"sp.",,"larva",1,,4,100,4,"Y","N",,"condition OK","N",,"Wiggins 1996","N","EcoAnalysts Inc.","K. Guild",,,
"66ea6e8f-68a5-4d32-9373-48c2fbbedeb5","D04","CUPE","CUPE.AOS.reach","2019-06-18T11:23Z","2019-09-19","CUPE.20190618.SURBER.7","A00000113313",,"FALSP","Y","Fallceon sp.",,"genus","Arthropoda","Hexapoda","Insecta","Pterygota","Palaeoptera",,"Ephemeroptera","Pisciforma",,,"Baetidae",,,,"Fallceon","sp.",,"larva",1,,1,100,1,"N","N",,"condition OK","Y",,"Merritt and Cummins 2008","N","EcoAnalysts Inc.","K. Guild",,,
"fa4191ac-58cf-4c5c-92c7-d71210cbc70b","D04","CUPE","CUPE.AOS.reach","2019-06-18T11:23Z","2019-09-19","CUPE.20190618.SURBER.2","A00000113317",,"LEPSP","Y","Lepidoptera sp.",,"order","Arthropoda","Hexapoda","Insecta","Pterygota","Neoptera","Holometabola","Lepidoptera",,,,,,,,,"sp.",,"larva",2,,2,59,3,"Y","N",,"condition OK","N",,"Merritt and Cummins 2008","N","EcoAnalysts Inc.","K. Guild",,,
"dc74f9ab-a55b-4062-9cec-36306e94a881","D04","CUPE","CUPE.AOS.reach","2019-06-18T11:23Z","2019-09-19","CUPE.20190618.SURBER.3","A00000113312",,"CORSP19","Y","Corynoneura sp.",,"genus","Arthropoda","Hexapoda","Insecta","Pterygota","Neoptera","Holometabola","Diptera","Nematocera","Culicomorpha",,"Chironomidae","Orthocladiinae",,,"Corynoneura","sp.",,"larva",2,,3,38,8,"N","N",,"condition OK","Y",,"Epler 2001","N","EcoAnalysts Inc.","W. Hoiland",,,
"75d6cf3f-afa2-4b9e-9c57-b4e0ef8ff154","D04","CUPE","CUPE.AOS.reach","2019-06-18T11:23Z","2019-09-19","CUPE.20190618.SURBER.4","A00000113314",,"ATOTRI","Y","Atopsyche trifida",,"species","Arthropoda","Hexapoda","Insecta","Pterygota","Neoptera","Holometabola","Trichoptera",,,"Rhyacophiloidea","Hydrobiosidae","Hydrobiosinae","Hydrobiosini",,"Atopsyche","trifida",,"larva",3,,1,88,1,"N","N",,"condition OK","Y",,"Wiggins 1996","N","EcoAnalysts Inc.","K. Guild",,,
"a8539a4d-4a9a-43a8-8ca4-e48430f9ed17","D04","CUPE","CUPE.AOS.reach","2019-06-18T11:23Z","2019-09-19","CUPE.20190618.SURBER.7","A00000113313",,"ACASP1","Y","Acari sp.",,"subclass","Arthropoda","Chelicerata","Arachnida","Acari",,,,,,,,,,,,"sp.",,"none",1,,4,100,4,"N","N",,"condition OK","Y",,"Thorp and Covich 2001","N","EcoAnalysts Inc.","K. Guild",,,
"2d0b4e95-999c-4a07-ab1c-51bf218554e7","D04","CUPE","CUPE.AOS.reach","2019-06-18T11:23Z","2019-09-19","CUPE.20190618.SURBER.7","A00000113313",,"PETSP4","Y","Petrophila sp.",,"genus","Arthropoda","Hexapoda","Insecta","Pterygota","Neoptera","Holometabola","Lepidoptera",,,"Pyraloidea","Crambidae","Nymphulinae","Argyractini",,"Petrophila","sp.",,"larva",5,,1,100,1,"N","N",,"condition OK","Y",,"Merritt and Cummins 2008","N","EcoAnalysts Inc.","K. Guild",,,
"b87485c9-2c23-484f-90de-1cf4aa0c6700","D04","CUPE","CUPE.AOS.reach","2019-06-18T11:23Z","2019-09-19","CUPE.20190618.SURBER.4","A00000113314",,"LIBSP","Y","Libellulidae sp.",,"family","Arthropoda","Hexapoda","Insecta","Pterygota","Palaeoptera",,"Odonata","Anisoptera",,,"Libellulidae",,,,,"sp.",,"larva",3,,1,88,1,"N","N",,"condition OK","Y",,"Needham, Westfall and May 2000","N","EcoAnalysts Inc.","K. Guild",,,
"87980bb6-c61b-4066-9652-799faaa3f55d","D04","CUPE","CUPE.AOS.reach","2019-06-18T11:23Z","2019-09-19","CUPE.20190618.SURBER.2","A00000113317",,"HAGSP3","Y","Hagenulopsis sp.",,"genus","Arthropoda","Hexapoda","Insecta","Pterygota","Palaeoptera",,"Ephemeroptera","Furcatergalia","Lanceolata",,"Leptophlebiidae",,,,"Hagenulopsis","sp.",,"larva",2,,1,59,2,"N","N",,"condition OK","Y",,"Peters,1971","N","EcoAnalysts Inc.","K. Guild",,,
"e2a45a42-d304-4d9a-ac28-af894b578ecf","D04","CUPE","CUPE.AOS.reach","2019-06-18T11:23Z","2019-09-19","CUPE.20190618.SURBER.3","A00000113312",,"PHASP11","Y","Phanocerus sp.",,"genus","Arthropoda","Hexapoda","Insecta","Pterygota","Neoptera","Holometabola","Coleoptera","Polyphaga","Elateriformia","Byrrhoidea","Elmidae","Larainae",,,"Phanocerus","sp.",,"larva",4,,1,38,3,"N","N",,"condition OK","Y",,"Brown and White 1978","N","EcoAnalysts Inc.","K. Guild",,,
"406a5635-e9ab-4f57-bacd-dc81f6831773","D04","CUPE","CUPE.AOS.reach","2019-06-18T11:23Z","2019-09-19","CUPE.20190618.SURBER.4","A00000113314",,"CERSP10","Y","Ceratopogoninae sp.",,"subfamily","Arthropoda","Hexapoda","Insecta","Pterygota","Neoptera","Holometabola","Diptera","Nematocera","Culicomorpha",,"Ceratopogonidae","Ceratopogoninae",,,,"sp.",,"larva",2,,1,88,1,"N","N",,"condition OK","Y",,"Merritt and Cummins 2008","N","EcoAnalysts Inc.","K. Guild",,,
