uid,domainID,siteID,namedLocation,collectDate,identifiedDate,sampleID,sampleCode,slideID,acceptedTaxonID,targetTaxaPresent,scientificName,morphospeciesID,taxonRank,phylum,subphylum,class,subclass,infraclass,superorder,order,suborder,infraorder,superfamily,family,subfamily,tribe,subtribe,genus,specificEpithet,infraspecificEpithet,invertebrateLifeStage,sizeClass,sizeCategory,individualCount,subsamplePercent,estimatedTotalCount,immatureSpecimen,indeterminateSpecies,taxonRankQualifier,sampleCondition,distinctTaxon,identificationQualifier,identificationReferences,qcChecked,laboratoryName,identifiedBy,identificationRemarks,identificationHistoryID,dataQF
"72eafb82-dc3f-46b4-9bac-8e7308c8b80b","D05","CRAM","CRAM.AOS.riparian.point.05","2016-09-22T15:41Z","2017-03-31","CRAM.20160922.ROOTEDSWEEP.5",,,"LABSP","Y","Labrundinia sp.",,"genus","Arthropoda","Hexapoda","Insecta","Pterygota","Neoptera","Holometabola","Diptera","Nematocera","Culicomorpha",,"Chironomidae","Tanypodinae","Pentaneurini",,"Labrundinia","sp.",,"larva",2,,7,37,19,"N","N",,"condition OK","Y",,"Epler 2001","N","EcoAnalysts Inc.","W. Hoiland",,,"legacyData"
"13b6a835-1963-4e22-ba01-c1ee704d765d","D05","CRAM","CRAM.AOS.riparian.point.09","2016-09-22T15:41Z","2017-04-03","CRAM.20160922.ROOTEDSWEEP.9",,,"PSESP19","Y","Psectrocladius sp.",,"genus","Arthropoda","Hexapoda","Insecta","Pterygota","Neoptera","Holometabola","Diptera","Nematocera","Culicomorpha",,"Chironomidae","Orthocladiinae",,,"Psectrocladius","sp.",,"larva",3,,3,75,4,"N","N",,"condition OK","Y",,"Epler 2001","N","EcoAnalysts Inc.","W. Hoiland",,,"legacyData"
"26f11537-a97f-47f2-a112-e9af722ffdd1","D05","CRAM","CRAM.AOS.littoral2","2016-09-22T15:41Z","2017-04-06","CRAM.20160922.PONAR.1",,"CRAM.20160922.PONAR.1.LARSIA SP.","LARSP","Y","Larsia sp.",,"genus","Arthropoda","Hexapoda","Insecta","Pterygota","Neoptera","Holometabola","Diptera","Nematocera","Culicomorpha",,"Chironomidae","Tanypodinae","Pentaneurini",,"Larsia","sp.",,"larva",2,,4,42,10,"N","N",,"condition OK","Y",,"Epler 2001","Y","EcoAnalysts Inc.","W. Hoiland","1of this taxon from this sample in Ref. Coll.",,"legacyData"
"73c56c6c-c063-4e91-8abc-0dc991e2659e","D05","CRAM","CRAM.AOS.riparian.point.05","2016-09-22T15:41Z","2017-03-31","CRAM.20160922.ROOTEDSWEEP.5",,,"PARSP25","Y","Parakiefferiella sp.",,"genus","Arthropoda","Hexapoda","Insecta","Pterygota","Neoptera","Holometabola","Diptera","Nematocera","Culicomorpha",,"Chironomidae","Orthocladiinae",,,"Parakiefferiella","sp.",,"larva",2,,1,37,3,"N","N",,"damaged, affecting analysis","N",,"Epler 2001","N","EcoAnalysts Inc.","W. Hoiland",,,"legacyData"
"737198f0-3c18-4e6c-9fd6-4aa7a17494ce","D05","CRAM","CRAM.AOS.riparian.point.05","2016-09-22T15:41Z","2017-03-31","CRAM.20160922.ROOTEDSWEEP.5",,"CRAM.20160922.ROOTEDSWEEP.5.PSECTROCLADIUS SP.","PSESP19","Y","Psectrocladius sp.",,"genus","Arthropoda","Hexapoda","Insecta","Pterygota","Neoptera","Holometabola","Diptera","Nematocera","Culicomorpha",,"Chironomidae","Orthocladiinae",,,"Psectrocladius","sp.",,"larva",1,,1,37,3,"N","N",,"condition OK","Y",,"Epler 2001","N","EcoAnalysts Inc.","W. Hoiland","1of this taxon from this sample in Ref. Coll.",,"legacyData"
"2a5e00e4-42c6-4170-8738-dabbca5cf703","D05","CRAM","CRAM.AOS.riparian.point.05","2016-09-22T15:41Z","2017-03-31","CRAM.20160922.ROOTEDSWEEP.5",,,"THIGRO","Y","Thienemannimyia gr.",,"speciesGroup","Arthropoda","Hexapoda","Insecta","Pterygota","Neoptera","Holometabola","Diptera","Nematocera","Culicomorpha",,"Chironomidae","Tanypodinae","Pentaneurini",,"Thienemannimyia","gr.",,"larva",2,,3,37,8,"N","N",,"condition OK","Y",,"Epler 2001","N","EcoAnalysts Inc.","W. Hoiland",,,"legacyData"
"83747383-e499-45e8-8cb7-70626dc271fc","D05","CRAM","CRAM.AOS.riparian.point.09","2016-09-22T15:41Z","2017-04-03","CRAM.20160922.ROOTEDSWEEP.9",,"CRAM.20160922.ROOTEDSWEEP.9.POLYPEDILUM ILLINOENSE GR.","POLILL","Y","Polypedilum illinoense gr.",,"speciesGroup","Arthropoda","Hexapoda","Insecta","Pterygota","Neoptera","Holometabola","Diptera","Nematocera","Culicomorpha",,"Chironomidae","Chironominae","Chironomini",,"Polypedilum","illinoense gr.",,"larva",3,,1,75,1,"N","N",,"condition OK","Y",,"Epler 2001, and Maschwitz and Cook 2000","N","EcoAnalysts Inc.","W. Hoiland","2of this taxon from this sample in Ref. Coll.",,"legacyData"
"8829320e-a109-4297-92b3-207e71b2b100","D05","CRAM","CRAM.AOS.littoral1","2016-09-22T15:41Z","2017-04-10","CRAM.20160922.PONAR.2",,,"EOPSP","Y","Eoparargyractis sp.",,"genus","Arthropoda","Hexapoda","Insecta","Pterygota","Neoptera","Holometabola","Lepidoptera",,,"Pyraloidea","Crambidae","Nymphulinae","Argyractini",,"Eoparargyractis","sp.",,"larva",5,,3,20,15,"N","N",,"condition OK","Y",,"Merritt et al. 2008","N","EcoAnalysts Inc.","B. Sloniker","1of this taxon from this sample in Ref. Coll.",,"legacyData"
"0ba4cb05-8fd4-43db-8ace-eb81c46ee35c","D05","CRAM","CRAM.AOS.riparian.point.07","2016-09-22T15:41Z","2017-04-14","CRAM.20160922.ROOTEDSWEEP.7",,,"BANSP","Y","Banksiola sp.",,"genus","Arthropoda","Hexapoda","Insecta","Pterygota","Neoptera","Holometabola","Trichoptera",,,"Phryganeoidea","Phryganeidae","Phryganeinae",,,"Banksiola","sp.",,"larva",9,,1,34,3,"N","N",,"condition OK","Y",,"Wiggins 1996","N","EcoAnalysts Inc.","B. Sloniker","1of this taxon from this sample in Ref. Coll.",,"legacyData"
"a385ab2a-55bb-46ad-a813-bd8fa6a64c23","D05","CRAM","CRAM.AOS.riparian.point.09","2016-09-22T15:41Z","2017-04-11","CRAM.20160922.ROOTEDSWEEP.9",,,"CAESP5","Y","Caenis sp.",,"genus","Arthropoda","Hexapoda","Insecta","Pterygota","Palaeoptera",,"Ephemeroptera","Furcatergalia","Pannota","Caenoidea","Caenidae","Caeninae",,,"Caenis","sp.",,"larva",2,,3,75,4,"N","N",,"condition OK","Y",,"Merritt et al. 2008","N","EcoAnalysts Inc.","B. Sloniker",,,"legacyData"
"29cfc793-1d89-41c8-b4d2-c84b70266542","D05","CRAM","CRAM.AOS.riparian.point.07","2016-09-22T15:41Z","2017-04-03","CRAM.20160922.ROOTEDSWEEP.7",,,"PSESP19","Y","Psectrocladius sp.",,"genus","Arthropoda","Hexapoda","Insecta","Pterygota","Neoptera","Holometabola","Diptera","Nematocera","Culicomorpha",,"Chironomidae","Orthocladiinae",,,"Psectrocladius","sp.",,"larva",4,,1,34,3,"N","N",,"condition OK","Y",,"Epler 2001","N","EcoAnalysts Inc.","W. Hoiland",,,"legacyData"
"71bab1b7-68e5-4b3b-b061-62415e55011b","D05","CRAM","CRAM.AOS.littoral2","2016-09-22T15:41Z","2017-03-24","CRAM.20160922.PONAR.1",,"CRAM.20160922.PONAR.1.PSEUDOCHIRONOMUS SP.","PSESP18","Y","Pseudochironomus sp.",,"genus","Arthropoda","Hexapoda","Insecta","Pterygota","Neoptera","Holometabola","Diptera","Nematocera","Culicomorpha",,"Chironomidae","Chironominae","Pseudochironomini",,"Pseudochironomus","sp.",,"larva",1,,1,42,2,"N","N",,"condition OK","Y",,"Epler 2001","Y","EcoAnalysts Inc.","W. Hoiland","2of this taxon from this sample in Ref. Coll.",,"legacyData"
"c82be51c-d7e9-4b8d-86ab-fcf45b20d688","D05","CRAM","CRAM.AOS.littoral1","2016-09-22T15:41Z","2017-03-27","CRAM.20160922.PONAR.2",,,"PSESP18","Y","Pseudochironomus sp.",,"genus","Arthropoda","Hexapoda","Insecta","Pterygota","Neoptera","Holometabola","Diptera","Nematocera","Culicomorpha",,"Chironomidae","Chironominae","Pseudochironomini",,"Pseudochironomus","sp.",,"larva",4,,4,20,20,"N","N",,"condition OK","Y",,"Epler 2001","N","EcoAnalysts Inc.","W. Hoiland",,,"legacyData"
"1cd247ef-219f-4374-a269-5835819aeba8","D05","CRAM","CRAM.AOS.riparian.point.07","2016-09-22T15:41Z","2017-04-03","CRAM.20160922.ROOTEDSWEEP.7",,,"PARSP25","Y","Parakiefferiella sp.",,"genus","Arthropoda","Hexapoda","Insecta","Pterygota","Neoptera","Holometabola","Diptera","Nematocera","Culicomorpha",,"Chironomidae","Orthocladiinae",,,"Parakiefferiella","sp.",,"larva",2,,9,34,26,"N","N",,"condition OK","Y",,"Epler 2001","N","EcoAnalysts Inc.","W. Hoiland",,,"legacyData"
"09cc548f-5d72-40d9-b845-8f5fd3da87a4","D05","CRAM","CRAM.AOS.riparian.point.01","2016-09-22T15:41Z","2017-04-17","CRAM.20160922.ROOTEDSWEEP.1",,,"ZAVMAR","Y","Zavreliella marmorata",,"species","Arthropoda","Hexapoda","Insecta","Pterygota","Neoptera","Holometabola","Diptera","Nematocera","Culicomorpha",,"Chironomidae","Chironominae","Tanytarsini",,"Zavreliella","marmorata",,"larva",2,,1,36,3,"N","N",,"condition OK","Y",,"Epler 2001","N","EcoAnalysts Inc.","W. Hoiland",,,"legacyData"
"c6fd9efe-542c-46d5-8ce4-b11f9f098f7e","D05","CRAM","CRAM.AOS.riparian.point.01","2016-09-22T15:41Z","2017-03-30","CRAM.20160922.ROOTEDSWEEP.1",,"CRAM.20160922.ROOTEDSWEEP.1.CORYNONEURA SP.","CORSP19","Y","Corynoneura sp.",,"genus","Arthropoda","Hexapoda","Insecta","Pterygota","Neoptera","Holometabola","Diptera","Nematocera","Culicomorpha",,"Chironomidae","Orthocladiinae",,,"Corynoneura","sp.",,"larva",2,,4,36,11,"N","N",,"condition OK","Y",,"Epler 2001","N","EcoAnalysts Inc.","W. Hoiland","3of this taxon from this sample in Ref. Coll.",,"legacyData"
"7aad6f9f-2ca9-4d2f-9064-affb34e15385","D05","CRAM","CRAM.AOS.riparian.point.01","2016-09-22T15:41Z","2017-03-30","CRAM.20160922.ROOTEDSWEEP.1",,,"PARSP25","Y","Parakiefferiella sp.",,"genus","Arthropoda","Hexapoda","Insecta","Pterygota","Neoptera","Holometabola","Diptera","Nematocera","Culicomorpha",,"Chironomidae","Orthocladiinae",,,"Parakiefferiella","sp.",,"larva",2,,16,36,44,"N","N",,"condition OK","Y",,"Epler 2001","N","EcoAnalysts Inc.","W. Hoiland",,,"legacyData"
"c765a387-3e95-4b81-a27f-94a214055f90","D05","CRAM","CRAM.AOS.riparian.point.01","2016-09-22T15:41Z","2017-04-10","CRAM.20160922.ROOTEDSWEEP.1",,,"ORISP1","Y","Oribatida sp.",,"suborder","Arthropoda","Chelicerata","Arachnida","Acari",,"Acariformes","Sarcoptiformes","Oribatida",,,,,,,,"sp.",,"larva",1,,21,36,58,"N","N",,"condition OK","Y",,"Thorp and Covich 2001","N","EcoAnalysts Inc.","B. Sloniker",,,"legacyData"
"2d38aeca-0e25-4849-9726-6f2edbba74d4","D05","CRAM","CRAM.AOS.riparian.point.05","2016-09-22T15:41Z","2017-03-31","CRAM.20160922.ROOTEDSWEEP.5",,,"CLASP6","Y","Cladotanytarsus sp.",,"genus","Arthropoda","Hexapoda","Insecta","Pterygota","Neoptera","Holometabola","Diptera","Nematocera","Culicomorpha",,"Chironomidae","Chironominae","Tanytarsini",,"Cladotanytarsus","sp.",,"larva",1,,1,37,3,"N","N",,"condition OK","Y",,"Epler 2001","N","EcoAnalysts Inc.","W. Hoiland",,,"legacyData"
"f4c04f71-9160-4945-8085-e5430d8f5fa2","D05","CRAM","CRAM.AOS.littoral2","2016-09-22T15:41Z","2017-03-24","CRAM.20160922.PONAR.1",,"CRAM.20160922.PONAR.1.PROCLADIUS SP.","PROSP23","Y","Procladius sp.",,"genus","Arthropoda","Hexapoda","Insecta","Pterygota","Neoptera","Holometabola","Diptera","Nematocera","Culicomorpha",,"Chironomidae","Tanypodinae","Procladiini",,"Procladius","sp.",,"larva",1,,1,42,2,"Y","N",,"condition OK","N",,"Epler 2001","Y","EcoAnalysts Inc.","W. Hoiland","3of this taxon from this sample in Ref. Coll.; Fragment; Measurement is of fragment only",,"legacyData"
"f9df5540-0642-4376-a67d-a9612970734d","D05","CRAM","CRAM.AOS.littoral1","2016-09-22T15:41Z","2017-03-27","CRAM.20160922.PONAR.2",,,"PSESP18","Y","Pseudochironomus sp.",,"genus","Arthropoda","Hexapoda","Insecta","Pterygota","Neoptera","Holometabola","Diptera","Nematocera","Culicomorpha",,"Chironomidae","Chironominae","Pseudochironomini",,"Pseudochironomus","sp.",,"larva",2,,7,20,35,"N","N",,"condition OK","Y",,"Epler 2001","N","EcoAnalysts Inc.","W. Hoiland",,,"legacyData"
"9dac6df6-1c0b-4422-9be5-561c58eeaca4","D05","CRAM","CRAM.AOS.riparian.point.07","2016-09-22T15:41Z","2017-04-11","CRAM.20160922.ROOTEDSWEEP.7",,,"CAESP5","Y","Caenis sp.",,"genus","Arthropoda","Hexapoda","Insecta","Pterygota","Palaeoptera",,"Ephemeroptera","Furcatergalia","Pannota","Caenoidea","Caenidae","Caeninae",,,"Caenis","sp.",,"larva",3,,2,34,6,"N","N",,"condition OK","Y",,"Merritt et al. 2008","N","EcoAnalysts Inc.","B. Sloniker","Immature",,"legacyData"
"a8e8f8b1-704c-469c-9745-d14e94ad53da","D05","CRAM","CRAM.AOS.riparian.point.01","2016-09-22T15:41Z","2017-03-30","CRAM.20160922.ROOTEDSWEEP.1",,"CRAM.20160922.ROOTEDSWEEP.1.ABLABESMYIA SP.","ABLSP","Y","Ablabesmyia sp.",,"genus","Arthropoda","Hexapoda","Insecta","Pterygota","Neoptera","Holometabola","Diptera","Nematocera","Culicomorpha",,"Chironomidae","Tanypodinae","Pentaneurini",,"Ablabesmyia","sp.",,"larva",2,,37,36,102,"N","N",,"condition OK","Y",,"Roback 1985 and Epler 2001","N","EcoAnalysts Inc.","W. Hoiland","4of this taxon from this sample in Ref. Coll.",,"legacyData"
"e5d5830c-cf78-419e-9487-563aa9a0a783","D05","CRAM","CRAM.AOS.riparian.point.01","2016-09-22T15:41Z","2017-04-04","CRAM.20160922.ROOTEDSWEEP.1",,"CRAM.20160922.ROOTEDSWEEP.1.ABLABESMYIA SP.","ABLSP","Y","Ablabesmyia sp.","Ablabesmyia (Karelia) sp.","genus","Arthropoda","Hexapoda","Insecta","Pterygota","Neoptera","Holometabola","Diptera","Nematocera","Culicomorpha",,"Chironomidae","Tanypodinae","Pentaneurini",,"Ablabesmyia","sp.",,"larva",3,,10,36,28,"N","N",,"condition OK","Y",,"Epler 2001","N","EcoAnalysts Inc.","W. Hoiland","5of this taxon from this sample in Ref. Coll.",,"legacyData"
"f3a18cae-2a3e-4705-a522-491f95a34498","D05","CRAM","CRAM.AOS.riparian.point.09","2016-09-22T15:41Z","2017-04-03","CRAM.20160922.ROOTEDSWEEP.9",,,"POLTRI2","Y","Polypedilum tritum",,"species","Arthropoda","Hexapoda","Insecta","Pterygota","Neoptera","Holometabola","Diptera","Nematocera","Culicomorpha",,"Chironomidae","Chironominae","Chironomini",,"Polypedilum","tritum",,"larva",2,,1,75,1,"N","N",,"condition OK","Y",,"Epler 2001, and Maschwitz and Cook 2000","N","EcoAnalysts Inc.","W. Hoiland",,,"legacyData"
"2eb94409-b067-4c35-9d67-4f3d871bcce4","D05","CRAM","CRAM.AOS.riparian.point.03","2016-09-22T15:41Z","2017-03-31","CRAM.20160922.ROOTEDSWEEP.3",,,"CHISP6","Y","Chironomini sp.",,"tribe","Arthropoda","Hexapoda","Insecta","Pterygota","Neoptera","Holometabola","Diptera","Nematocera","Culicomorpha",,"Chironomidae","Chironominae","Chironomini",,,"sp.",,"larva",1,,1,53,2,"N","N",,"condition OK","Y",,"Epler 2001","N","EcoAnalysts Inc.","W. Hoiland","Immature; Not Distinct",,"legacyData"
"df3fce1a-a6a6-43ec-bba9-4fc9c4fc16d3","D05","CRAM","CRAM.AOS.riparian.point.01","2016-09-22T15:41Z","2017-04-10","CRAM.20160922.ROOTEDSWEEP.1",,,"NEMSP","Y","Nematoda sp.",,"phylum","Nematoda",,,,,,,,,,,,,,,"sp.",,"none",1,,3,36,8,"N","N",,"condition OK","Y",,"Thorp and Covich 2001","N","EcoAnalysts Inc.","B. Sloniker",,,"legacyData"
"11f7c131-c96b-4e5a-b165-424b603b3d82","D05","CRAM","CRAM.AOS.littoral1","2016-09-22T15:41Z","2017-03-27","CRAM.20160922.PONAR.2",,,"TANSP11","Y","Tanytarsus sp.",,"genus","Arthropoda","Hexapoda","Insecta","Pterygota","Neoptera","Holometabola","Diptera","Nematocera","Culicomorpha",,"Chironomidae","Chironominae","Tanytarsini",,"Tanytarsus","sp.",,"larva",3,,3,20,15,"N","N",,"condition OK","Y",,"Epler 2001","N","EcoAnalysts Inc.","W. Hoiland",,,"legacyData"
"0db35d23-4b2d-4e9a-9703-6f55226df3ec","D05","CRAM","CRAM.AOS.riparian.point.09","2016-09-22T15:41Z","2017-04-06","CRAM.20160922.ROOTEDSWEEP.9",,,"DICLUC","Y","Dicrotendipes lucifer",,"species","Arthropoda","Hexapoda","Insecta","Pterygota","Neoptera","Holometabola","Diptera","Nematocera","Culicomorpha",,"Chironomidae","Chironominae","Chironomini",,"Dicrotendipes","lucifer",,"larva",3,,2,75,3,"N","N",,"condition OK","Y",,"Epler 2001","N","EcoAnalysts Inc.","W. Hoiland","2of this taxon from this sample in Ref. Coll.",,"legacyData"
"4417c583-2cc2-48c3-ba12-3acb45895284","D05","CRAM","CRAM.AOS.littoral2","2016-09-22T15:41Z","2017-03-24","CRAM.20160922.PONAR.1",,"CRAM.20160922.PONAR.1.PARATANYTARSUS SP.","PARSP34","Y","Paratanytarsus sp.",,"genus","Arthropoda","Hexapoda","Insecta","Pterygota","Neoptera","Holometabola","Diptera","Nematocera","Culicomorpha",,"Chironomidae","Chironominae","Tanytarsini",,"Paratanytarsus","sp.",,"larva",1,,14,42,34,"N","N",,"condition OK","Y",,"Epler 2001","Y","EcoAnalysts Inc.","W. Hoiland","3of this taxon from this sample in Ref. Coll.",,"legacyData"
"cb6d5387-bee4-4e72-bf06-260b83153e49","D05","CRAM","CRAM.AOS.riparian.point.09","2016-09-22T15:41Z","2017-04-03","CRAM.20160922.ROOTEDSWEEP.9",,"CRAM.20160922.ROOTEDSWEEP.9.PARACHIRONOMUS SP.","PARSP30","Y","Parachironomus sp.",,"genus","Arthropoda","Hexapoda","Insecta","Pterygota","Neoptera","Holometabola","Diptera","Nematocera","Culicomorpha",,"Chironomidae","Chironominae","Chironomini",,"Parachironomus","sp.",,"larva",2,,1,75,1,"N","N",,"condition OK","Y",,"Epler 2001","N","EcoAnalysts Inc.","W. Hoiland","1of this taxon from this sample in Ref. Coll.",,"legacyData"
"66ce1e8a-5be4-415e-983e-71b7b62c41e6","D05","CRAM","CRAM.AOS.riparian.point.09","2016-09-22T15:41Z","2017-04-03","CRAM.20160922.ROOTEDSWEEP.9",,,"DICSP7","Y","Dicrotendipes sp.",,"genus","Arthropoda","Hexapoda","Insecta","Pterygota","Neoptera","Holometabola","Diptera","Nematocera","Culicomorpha",,"Chironomidae","Chironominae","Chironomini",,"Dicrotendipes","sp.",,"larva",2,,1,75,1,"N","N",,"other (specified in remarks)","Y",,"Epler 1987, 1988, 2001","N","EcoAnalysts Inc.","W. Hoiland","Immature; Not Distinct",,"legacyData"
"6ffa83be-902e-463c-8612-09627151942b","D05","CRAM","CRAM.AOS.riparian.point.07","2016-09-22T15:41Z","2017-04-17","CRAM.20160922.ROOTEDSWEEP.7",,,"FERSP","Y","Ferrissia sp.",,"genus","Mollusca",,"Gastropoda",,,,"Basommatophora",,,,"Ancylidae",,,,"Ferrissia","sp.",,"none",3,,1,34,3,"N","N",,"condition OK","Y",,"Thorp and Covich 2001","N","EcoAnalysts Inc.","B. Sloniker",,,"legacyData"
"afac8857-1744-4f99-a00a-f7a1075b7c47","D05","CRAM","CRAM.AOS.riparian.point.07","2016-09-22T15:41Z","2017-04-03","CRAM.20160922.ROOTEDSWEEP.7",,,"DICSP7","Y","Dicrotendipes sp.",,"genus","Arthropoda","Hexapoda","Insecta","Pterygota","Neoptera","Holometabola","Diptera","Nematocera","Culicomorpha",,"Chironomidae","Chironominae","Chironomini",,"Dicrotendipes","sp.",,"larva",1,,4,34,12,"N","N",,"condition OK","Y",,"Epler 1987, 1988, 2001","N","EcoAnalysts Inc.","W. Hoiland",,,"legacyData"
"512576c7-218b-4e5f-985e-409f4b2eab40","D05","CRAM","CRAM.AOS.littoral2","2016-09-22T15:41Z","2017-03-27","CRAM.20160922.PONAR.1",,"CRAM.20160922.PONAR.1.POLYPEDILUM HALTERALE GR.","POLHAL","Y","Polypedilum halterale gr.",,"speciesGroup","Arthropoda","Hexapoda","Insecta","Pterygota","Neoptera","Holometabola","Diptera","Nematocera","Culicomorpha",,"Chironomidae","Chironominae","Chironomini",,"Polypedilum","halterale gr.",,"larva",1,,1,42,2,"N","N",,"condition OK","Y",,"Epler 2001, and Maschwitz and Cook 2000","Y","EcoAnalysts Inc.","W. Hoiland","2of this taxon from this sample in Ref. Coll.",,"legacyData"
"3bbe2fd2-d873-416c-8b21-5597f0a78221","D05","CRAM","CRAM.AOS.riparian.point.03","2016-09-22T15:41Z","2017-04-10","CRAM.20160922.ROOTEDSWEEP.3",,,"CAESP5","Y","Caenis sp.",,"genus","Arthropoda","Hexapoda","Insecta","Pterygota","Palaeoptera",,"Ephemeroptera","Furcatergalia","Pannota","Caenoidea","Caenidae","Caeninae",,,"Caenis","sp.",,"larva",2,,2,53,4,"N","N",,"condition OK","Y",,"Merritt et al. 2008","N","EcoAnalysts Inc.","B. Sloniker","Immature",,"legacyData"
"b6658f7e-f841-4c9d-b0d3-02ac1c12eca0","D05","CRAM","CRAM.AOS.riparian.point.07","2016-09-22T15:41Z","2017-04-03","CRAM.20160922.ROOTEDSWEEP.7",,,"PSESP19","Y","Psectrocladius sp.",,"genus","Arthropoda","Hexapoda","Insecta","Pterygota","Neoptera","Holometabola","Diptera","Nematocera","Culicomorpha",,"Chironomidae","Orthocladiinae",,,"Psectrocladius","sp.",,"larva",3,,5,34,15,"N","N",,"condition OK","Y",,"Epler 2001","N","EcoAnalysts Inc.","W. Hoiland",,,"legacyData"
"31225bfa-a3d1-4c36-8beb-8011c51c781e","D05","CRAM","CRAM.AOS.riparian.point.01","2016-09-22T15:41Z","2017-03-30","CRAM.20160922.ROOTEDSWEEP.1",,,"TANSP11","Y","Tanytarsus sp.",,"genus","Arthropoda","Hexapoda","Insecta","Pterygota","Neoptera","Holometabola","Diptera","Nematocera","Culicomorpha",,"Chironomidae","Chironominae","Tanytarsini",,"Tanytarsus","sp.",,"larva",2,,6,36,17,"N","N",,"condition OK","Y",,"Epler 2001","N","EcoAnalysts Inc.","W. Hoiland",,,"legacyData"
"c6ebfb4f-607f-4914-8644-d99c55d95142","D05","CRAM","CRAM.AOS.riparian.point.09","2016-09-22T15:41Z","2017-04-03","CRAM.20160922.ROOTEDSWEEP.9",,,"PSESP19","Y","Psectrocladius sp.",,"genus","Arthropoda","Hexapoda","Insecta","Pterygota","Neoptera","Holometabola","Diptera","Nematocera","Culicomorpha",,"Chironomidae","Orthocladiinae",,,"Psectrocladius","sp.",,"larva",1,,2,75,3,"Y","N",,"condition OK","Y",,"Epler 2001","N","EcoAnalysts Inc.","W. Hoiland",,,"legacyData"
"d9bbea2b-19c6-4a26-bec0-c8f02e22dcf2","D05","CRAM","CRAM.AOS.riparian.point.07","2016-09-22T15:41Z","2017-03-17","CRAM.20160922.ROOTEDSWEEP.7",,"CRAM.20160922.ROOTEDSWEEP.7_OLIGOCHAETE_2/2|CRAM.20160922.ROOTEDSWEEP.7_OLIGOCHAETE_1/2","CHADIA","Y","Chaetogaster diaphanus",,"species","Annelida","Clitellata","Oligochaeta","Oligochaeta",,,"Tubificida",,,,"Naididae","Naidinae",,,"Chaetogaster","diaphanus",,"none",3,,1,34,3,"N","N",,"condition OK","Y",,"Kathman and Brinkhurst 1998","N","EcoAnalysts Inc.","L. Flaherty",,,"legacyData"
"53ce1d91-336b-4fc1-b3f9-2bbefecd964a","D05","CRAM","CRAM.AOS.riparian.point.03","2016-09-22T15:41Z","2017-03-31","CRAM.20160922.ROOTEDSWEEP.3",,"CRAM.20160922.ROOTEDSWEEP.3.POLYPEDILUM HALTERALE GR.","POLHAL","Y","Polypedilum halterale gr.",,"speciesGroup","Arthropoda","Hexapoda","Insecta","Pterygota","Neoptera","Holometabola","Diptera","Nematocera","Culicomorpha",,"Chironomidae","Chironominae","Chironomini",,"Polypedilum","halterale gr.",,"larva",2,,1,53,2,"N","N",,"condition OK","Y",,"Epler 2001, and Maschwitz and Cook 2000","N","EcoAnalysts Inc.","W. Hoiland","1of this taxon from this sample in Ref. Coll.",,"legacyData"
"976fde6c-3b8a-44af-ab97-58a1a6bd24ca","D05","CRAM","CRAM.AOS.riparian.point.05","2016-09-22T15:41Z","2017-03-31","CRAM.20160922.ROOTEDSWEEP.5",,"CRAM.20160922.ROOTEDSWEEP.5.PSECTROCLADIUS SP.","PSESP19","Y","Psectrocladius sp.",,"genus","Arthropoda","Hexapoda","Insecta","Pterygota","Neoptera","Holometabola","Diptera","Nematocera","Culicomorpha",,"Chironomidae","Orthocladiinae",,,"Psectrocladius","sp.",,"larva",3,,1,37,3,"N","N",,"condition OK","Y",,"Epler 2001","N","EcoAnalysts Inc.","W. Hoiland","1of this taxon from this sample in Ref. Coll.",,"legacyData"
"6f9ab52d-1220-482b-9db4-957936307731","D05","CRAM","CRAM.AOS.riparian.point.07","2016-09-22T15:41Z","2017-04-11","CRAM.20160922.ROOTEDSWEEP.7",,,"OXYSP","Y","Oxyethira sp.",,"genus","Arthropoda","Hexapoda","Insecta","Pterygota","Neoptera","Holometabola","Trichoptera",,,"Hydroptiloidea","Hydroptilidae","Hydroptilinae","Hydroptilini",,"Oxyethira","sp.",,"larva",3,,1,34,3,"Y","N",,"condition OK","Y",,"Wiggins 1996","N","EcoAnalysts Inc.","B. Sloniker",,,"legacyData"
"c861e3aa-7a52-4122-83b9-f1ebb93f480a","D05","CRAM","CRAM.AOS.littoral2","2016-09-22T15:41Z","2017-04-06","CRAM.20160922.PONAR.1",,"CRAM.20160922.PONAR.1.CRYPTOTENDIPES SP.","CRYSP3","Y","Cryptotendipes sp.",,"genus","Arthropoda","Hexapoda","Insecta","Pterygota","Neoptera","Holometabola","Diptera","Nematocera","Culicomorpha",,"Chironomidae","Chironominae","Chironomini",,"Cryptotendipes","sp.",,"larva",2,,2,42,5,"N","N",,"condition OK","Y",,"Epler 2001","Y","EcoAnalysts Inc.","W. Hoiland","1of this taxon from this sample in Ref. Coll.",,"legacyData"
"32637f82-d0ec-4173-b299-3f8a5d7d121a","D05","CRAM","CRAM.AOS.riparian.point.01","2016-09-22T15:41Z","2017-03-30","CRAM.20160922.ROOTEDSWEEP.1",,"CRAM.20160922.ROOTEDSWEEP.1.GLYPTOTENDIPES SP.","GLYSP3","Y","Glyptotendipes sp.",,"genus","Arthropoda","Hexapoda","Insecta","Pterygota","Neoptera","Holometabola","Diptera","Nematocera","Culicomorpha",,"Chironomidae","Chironominae","Chironomini",,"Glyptotendipes","sp.",,"larva",5,,1,36,3,"N","N",,"condition OK","Y",,"Epler 2001","N","EcoAnalysts Inc.","W. Hoiland","2of this taxon from this sample in Ref. Coll.",,"legacyData"
"03ea8b11-7320-403a-9dd0-2fd33c33aacd","D05","CRAM","CRAM.AOS.riparian.point.03","2016-09-22T15:41Z","2017-03-31","CRAM.20160922.ROOTEDSWEEP.3",,,"PSESP19","Y","Psectrocladius sp.",,"genus","Arthropoda","Hexapoda","Insecta","Pterygota","Neoptera","Holometabola","Diptera","Nematocera","Culicomorpha",,"Chironomidae","Orthocladiinae",,,"Psectrocladius","sp.",,"larva",2,,8,53,15,"N","N",,"condition OK","Y",,"Epler 2001","N","EcoAnalysts Inc.","W. Hoiland",,,"legacyData"
"8876e2b4-7eae-4688-9568-5bb537fe243f","D05","CRAM","CRAM.AOS.riparian.point.09","2016-09-22T15:41Z","2017-04-11","CRAM.20160922.ROOTEDSWEEP.9",,,"EURSP4","Y","Eurylophella sp.",,"genus","Arthropoda","Hexapoda","Insecta","Pterygota","Palaeoptera",,"Ephemeroptera","Furcatergalia","Pannota","Ephemerelloidea","Ephemerellidae",,,,"Eurylophella","sp.",,"larva",2,,1,75,1,"N","N",,"condition OK","Y",,"Merritt et al. 2008","N","EcoAnalysts Inc.","B. Sloniker","1of this taxon from this sample in Ref. Coll.; Immature",,"legacyData"
"acd7c320-9fff-4d88-a555-18e0f7548a36","D05","CRAM","CRAM.AOS.riparian.point.01","2016-09-22T15:41Z","2017-03-30","CRAM.20160922.ROOTEDSWEEP.1",,,"PROSP23","Y","Procladius sp.",,"genus","Arthropoda","Hexapoda","Insecta","Pterygota","Neoptera","Holometabola","Diptera","Nematocera","Culicomorpha",,"Chironomidae","Tanypodinae","Procladiini",,"Procladius","sp.",,"larva",2,,2,36,6,"N","N",,"condition OK","Y",,"Epler 2001","N","EcoAnalysts Inc.","W. Hoiland",,,"legacyData"
"451fd86b-0273-4120-8532-d58a7a351a53","D05","CRAM","CRAM.AOS.riparian.point.09","2016-09-22T15:41Z","2017-04-03","CRAM.20160922.ROOTEDSWEEP.9",,,"DICSP7","Y","Dicrotendipes sp.",,"genus","Arthropoda","Hexapoda","Insecta","Pterygota","Neoptera","Holometabola","Diptera","Nematocera","Culicomorpha",,"Chironomidae","Chironominae","Chironomini",,"Dicrotendipes","sp.",,"larva",1,"1b",2,75,3,"N","N",,"damaged, affecting measurement","Y",,"Epler 1987, 1988, 2001","N","EcoAnalysts Inc.","W. Hoiland","Immature; Not Distinct; Fragment; Measurement is of fragment only",,"legacyData"
"c9c8c1ef-9225-4304-8f13-5f46d0a3ecd6","D05","CRAM","CRAM.AOS.riparian.point.07","2016-09-22T15:41Z","2017-04-03","CRAM.20160922.ROOTEDSWEEP.7",,,"CORSP19","Y","Corynoneura sp.",,"genus","Arthropoda","Hexapoda","Insecta","Pterygota","Neoptera","Holometabola","Diptera","Nematocera","Culicomorpha",,"Chironomidae","Orthocladiinae",,,"Corynoneura","sp.",,"larva",1,,1,34,3,"N","N",,"condition OK","Y",,"Epler 2001","N","EcoAnalysts Inc.","W. Hoiland",,,"legacyData"
"fdda99d1-be56-46fb-a620-87f86e512a6a","D05","CRAM","CRAM.AOS.riparian.point.07","2016-09-22T15:41Z","2017-04-11","CRAM.20160922.ROOTEDSWEEP.7",,,"ORTSP2","Y","Orthotrichia sp.",,"genus","Arthropoda","Hexapoda","Insecta","Pterygota","Neoptera","Holometabola","Trichoptera",,,"Hydroptiloidea","Hydroptilidae","Hydroptilinae","Orthotrichiini",,"Orthotrichia","sp.",,"larva",2,,4,34,12,"N","N",,"condition OK","Y",,"Wiggins 1996","N","EcoAnalysts Inc.","B. Sloniker",,,"legacyData"
"e87e0230-f26a-44bd-89a3-30627f04aa4b","D05","CRAM","CRAM.AOS.riparian.point.01","2016-09-22T15:41Z","2017-03-30","CRAM.20160922.ROOTEDSWEEP.1",,"CRAM.20160922.ROOTEDSWEEP.1.CRICOTOPUS SP.","CRISP2","Y","Cricotopus sp.",,"genus","Arthropoda","Hexapoda","Insecta","Pterygota","Neoptera","Holometabola","Diptera","Nematocera","Culicomorpha",,"Chironomidae","Orthocladiinae",,,"Cricotopus","sp.",,"larva",2,,1,36,3,"N","N",,"condition OK","Y",,"Epler 2001","N","EcoAnalysts Inc.","W. Hoiland","2of this taxon from this sample in Ref. Coll.",,"legacyData"
"7f405964-0cd3-42b5-93fe-709b038f6a7c","D05","CRAM","CRAM.AOS.riparian.point.05","2016-09-22T15:41Z","2017-03-31","CRAM.20160922.ROOTEDSWEEP.5",,"CRAM.20160922.ROOTEDSWEEP.5.PSECTROCLADIUS SP.","PSESP19","Y","Psectrocladius sp.",,"genus","Arthropoda","Hexapoda","Insecta","Pterygota","Neoptera","Holometabola","Diptera","Nematocera","Culicomorpha",,"Chironomidae","Orthocladiinae",,,"Psectrocladius","sp.",,"larva",3,,1,37,3,"Y","N",,"condition OK","Y",,"Epler 2001","N","EcoAnalysts Inc.","W. Hoiland","1of this taxon from this sample in Ref. Coll.",,"legacyData"
"2df8877d-3045-4e58-8849-5d908602a5d2","D05","CRAM","CRAM.AOS.littoral1","2016-09-22T15:41Z","2017-03-27","CRAM.20160922.PONAR.2",,,"DICSP7","Y","Dicrotendipes sp.",,"genus","Arthropoda","Hexapoda","Insecta","Pterygota","Neoptera","Holometabola","Diptera","Nematocera","Culicomorpha",,"Chironomidae","Chironominae","Chironomini",,"Dicrotendipes","sp.",,"larva",2,,9,20,45,"N","N",,"condition OK","Y",,"Epler 1987, 1988, 2001","N","EcoAnalysts Inc.","W. Hoiland","Immature",,"legacyData"
"b16fcabb-f04b-4f42-8d85-6918d6c9fa8b","D05","CRAM","CRAM.AOS.riparian.point.09","2016-09-22T15:41Z","2017-04-11","CRAM.20160922.ROOTEDSWEEP.9",,,"LESSP1","Y","Lestes sp.",,"genus","Arthropoda","Hexapoda","Insecta","Pterygota","Palaeoptera",,"Odonata","Zygoptera",,,"Lestidae",,,,"Lestes","sp.",,"larva",2,,1,75,1,"N","N",,"condition OK","Y",,"Westfall and May 1996","N","EcoAnalysts Inc.","B. Sloniker","1of this taxon from this sample in Ref. Coll.; Fragment; Measurement is of fragment only",,"legacyData"
"19832470-bcb6-4dcf-96c5-c995d0bee1fc","D05","CRAM","CRAM.AOS.riparian.point.03","2016-09-22T15:41Z","2017-03-31","CRAM.20160922.ROOTEDSWEEP.3",,,"PARSP34","Y","Paratanytarsus sp.",,"genus","Arthropoda","Hexapoda","Insecta","Pterygota","Neoptera","Holometabola","Diptera","Nematocera","Culicomorpha",,"Chironomidae","Chironominae","Tanytarsini",,"Paratanytarsus","sp.",,"larva",2,,62,53,117,"N","N",,"condition OK","Y",,"Epler 2001","N","EcoAnalysts Inc.","W. Hoiland",,,"legacyData"
"7a5cdb3b-edbc-4af3-a5f5-d13c7bc2a6ab","D05","CRAM","CRAM.AOS.riparian.point.07","2016-09-22T15:41Z","2017-04-03","CRAM.20160922.ROOTEDSWEEP.7",,,"PARSP25","Y","Parakiefferiella sp.",,"genus","Arthropoda","Hexapoda","Insecta","Pterygota","Neoptera","Holometabola","Diptera","Nematocera","Culicomorpha",,"Chironomidae","Orthocladiinae",,,"Parakiefferiella","sp.",,"larva",1,,3,34,9,"N","N",,"condition OK","Y",,"Epler 2001","N","EcoAnalysts Inc.","W. Hoiland",,,"legacyData"
"aa95416a-f9aa-49de-a586-7453a277d340","D05","CRAM","CRAM.AOS.riparian.point.07","2016-09-22T15:41Z","2017-04-03","CRAM.20160922.ROOTEDSWEEP.7",,,"TANSP11","Y","Tanytarsus sp.",,"genus","Arthropoda","Hexapoda","Insecta","Pterygota","Neoptera","Holometabola","Diptera","Nematocera","Culicomorpha",,"Chironomidae","Chironominae","Tanytarsini",,"Tanytarsus","sp.",,"larva",4,,2,34,6,"N","N",,"condition OK","Y",,"Epler 2001","N","EcoAnalysts Inc.","W. Hoiland",,,"legacyData"
"dce85e19-0057-4fe4-9390-e2586636f109","D05","CRAM","CRAM.AOS.riparian.point.03","2016-09-22T15:41Z","2017-03-31","CRAM.20160922.ROOTEDSWEEP.3",,"CRAM.20160922.ROOTEDSWEEP.3.PARAKIEFFERIELLA SP.","PARSP25","Y","Parakiefferiella sp.",,"genus","Arthropoda","Hexapoda","Insecta","Pterygota","Neoptera","Holometabola","Diptera","Nematocera","Culicomorpha",,"Chironomidae","Orthocladiinae",,,"Parakiefferiella","sp.",,"larva",1,,6,53,11,"N","N",,"condition OK","Y",,"Epler 2001","N","EcoAnalysts Inc.","W. Hoiland","1of this taxon from this sample in Ref. Coll.",,"legacyData"
"9aea8869-6397-4116-87e9-26939cac7727","D05","CRAM","CRAM.AOS.littoral1","2016-09-22T15:41Z","2017-04-10","CRAM.20160922.PONAR.2",,,"EOPSP","Y","Eoparargyractis sp.",,"genus","Arthropoda","Hexapoda","Insecta","Pterygota","Neoptera","Holometabola","Lepidoptera",,,"Pyraloidea","Crambidae","Nymphulinae","Argyractini",,"Eoparargyractis","sp.",,"larva",4,,1,20,5,"N","N",,"condition OK","Y",,"Merritt et al. 2008","N","EcoAnalysts Inc.","B. Sloniker","1of this taxon from this sample in Ref. Coll.",,"legacyData"
"534231be-3c97-42b1-890b-48b6655d8e39","D05","CRAM","CRAM.AOS.littoral2","2016-09-22T15:41Z","2017-03-24","CRAM.20160922.PONAR.1",,"CRAM.20160922.PONAR.1.ENDOCHIRONOMUS SP.","ENDSP","Y","Endochironomus sp.",,"genus","Arthropoda","Hexapoda","Insecta","Pterygota","Neoptera","Holometabola","Diptera","Nematocera","Culicomorpha",,"Chironomidae","Chironominae","Chironomini",,"Endochironomus","sp.",,"larva",2,,1,42,2,"N","N",,"condition OK","Y",,"Epler 2001","Y","EcoAnalysts Inc.","W. Hoiland","2of this taxon from this sample in Ref. Coll.",,"legacyData"
"9dd87a47-e36e-4d9a-ac78-272a5844f42e","D05","CRAM","CRAM.AOS.littoral2","2016-09-22T15:41Z","2017-04-10","CRAM.20160922.PONAR.1",,,"NEMSP","Y","Nematoda sp.",,"phylum","Nematoda",,,,,,,,,,,,,,,"sp.",,"none",5,,1,42,2,"N","N",,"condition OK","Y",,"Thorp and Covich 2001","Y","EcoAnalysts Inc.","B. Sloniker",,,"legacyData"
"b194daf3-f0f8-4ab3-92ef-c8774e4f6884","D05","CRAM","CRAM.AOS.riparian.point.03","2016-09-22T15:41Z","2017-03-31","CRAM.20160922.ROOTEDSWEEP.3",,"CRAM.20160922.ROOTEDSWEEP.3.DICROTENDIPES SP.","DICSP7","Y","Dicrotendipes sp.",,"genus","Arthropoda","Hexapoda","Insecta","Pterygota","Neoptera","Holometabola","Diptera","Nematocera","Culicomorpha",,"Chironomidae","Chironominae","Chironomini",,"Dicrotendipes","sp.",,"larva",2,,11,53,21,"N","N",,"condition OK","Y",,"Epler 1987, 1988, 2001","N","EcoAnalysts Inc.","W. Hoiland","Immature; Not Distinct",,"legacyData"
"783e31d6-6f29-4fb9-93a2-8a722e2de27c","D05","CRAM","CRAM.AOS.littoral2","2016-09-22T15:41Z","2017-03-17","CRAM.20160922.PONAR.1",,"CRAM.20160922.PONAR.1_OLIGOCHAETE_1/1","ENCSP1","Y","Enchytraeidae sp.",,"family","Annelida","Clitellata","Oligochaeta","Oligochaeta",,,"Enchytraeida",,,,"Enchytraeidae",,,,,"sp.",,"none",3,,1,42,2,"N","N",,"condition OK","Y",,"Kathman and Brinkhurst 1999","Y","EcoAnalysts Inc.","L. Flaherty","1of this taxon from this sample in Ref. Coll.",,"legacyData"
"0db33299-16a6-42f7-83e8-ef5d30019756","D05","CRAM","CRAM.AOS.riparian.point.01","2016-09-22T15:41Z","2017-03-30","CRAM.20160922.ROOTEDSWEEP.1",,,"PROSP23","Y","Procladius sp.",,"genus","Arthropoda","Hexapoda","Insecta","Pterygota","Neoptera","Holometabola","Diptera","Nematocera","Culicomorpha",,"Chironomidae","Tanypodinae","Procladiini",,"Procladius","sp.",,"larva",3,,2,36,6,"N","N",,"condition OK","Y",,"Epler 2001","N","EcoAnalysts Inc.","W. Hoiland",,,"legacyData"
"781378e3-905d-4dc3-9b4b-b860dffdec1a","D05","CRAM","CRAM.AOS.littoral2","2016-09-22T15:41Z","2017-04-06","CRAM.20160922.PONAR.1",,"CRAM.20160922.PONAR.1.LARSIA SP.","LARSP","Y","Larsia sp.",,"genus","Arthropoda","Hexapoda","Insecta","Pterygota","Neoptera","Holometabola","Diptera","Nematocera","Culicomorpha",,"Chironomidae","Tanypodinae","Pentaneurini",,"Larsia","sp.",,"larva",1,,1,42,2,"Y","N",,"condition OK","Y",,"Epler 2001","Y","EcoAnalysts Inc.","W. Hoiland","1of this taxon from this sample in Ref. Coll.",,"legacyData"
"e620f932-a804-4204-a5c0-bbffd4a0c751","D05","CRAM","CRAM.AOS.riparian.point.07","2016-09-22T15:41Z","2017-04-03","CRAM.20160922.ROOTEDSWEEP.7",,,"PSESP19","Y","Psectrocladius sp.",,"genus","Arthropoda","Hexapoda","Insecta","Pterygota","Neoptera","Holometabola","Diptera","Nematocera","Culicomorpha",,"Chironomidae","Orthocladiinae",,,"Psectrocladius","sp.",,"larva",4,,1,34,3,"Y","N",,"damaged, affecting analysis","N",,"Epler 2001","N","EcoAnalysts Inc.","W. Hoiland",,,"legacyData"
"b588fb32-f596-44f3-bee4-2498ea7b8600","D05","CRAM","CRAM.AOS.riparian.point.01","2016-09-22T15:41Z","2017-03-30","CRAM.20160922.ROOTEDSWEEP.1",,,"PSESP19","Y","Psectrocladius sp.",,"genus","Arthropoda","Hexapoda","Insecta","Pterygota","Neoptera","Holometabola","Diptera","Nematocera","Culicomorpha",,"Chironomidae","Orthocladiinae",,,"Psectrocladius","sp.",,"larva",3,,1,36,3,"N","N",,"condition OK","Y",,"Epler 2001","N","EcoAnalysts Inc.","W. Hoiland",,,"legacyData"
"702e963b-a71f-40eb-adeb-35f7bddf9aed","D05","CRAM","CRAM.AOS.littoral1","2016-09-22T15:41Z","2017-03-27","CRAM.20160922.PONAR.2",,,"POLTRI2","Y","Polypedilum tritum",,"species","Arthropoda","Hexapoda","Insecta","Pterygota","Neoptera","Holometabola","Diptera","Nematocera","Culicomorpha",,"Chironomidae","Chironominae","Chironomini",,"Polypedilum","tritum",,"larva",3,,1,20,5,"N","N",,"condition OK","Y",,"Epler 2001, and Maschwitz and Cook 2000","N","EcoAnalysts Inc.","W. Hoiland",,,"legacyData"
"ef59d00f-8049-4f68-87cf-8fa0a420d882","D05","CRAM","CRAM.AOS.buoy.c0","2016-09-22T15:41Z","2017-03-29","CRAM.20160922.PONAR.3",,,"TANSP11","Y","Tanytarsus sp.",,"genus","Arthropoda","Hexapoda","Insecta","Pterygota","Neoptera","Holometabola","Diptera","Nematocera","Culicomorpha",,"Chironomidae","Chironominae","Tanytarsini",,"Tanytarsus","sp.",,"larva",2,,2,100,2,"N","N",,"condition OK","Y",,"Epler 2001","N","EcoAnalysts Inc.","W. Hoiland",,,"legacyData"
"495d77e5-62ef-4a12-bbe2-36c4d50acbe8","D05","CRAM","CRAM.AOS.littoral2","2016-09-22T15:41Z","2017-04-04","CRAM.20160922.PONAR.1",,"CRAM.20160922.PONAR.1.ORTHOCLADIINAE SP.","ORTSP1","Y","Orthocladiinae sp.",,"subfamily","Arthropoda","Hexapoda","Insecta","Pterygota","Neoptera","Holometabola","Diptera","Nematocera","Culicomorpha",,"Chironomidae","Orthocladiinae",,,,"sp.",,"larva",1,,1,42,2,"N","N",,"condition OK","Y",,"Epler 2001","Y","EcoAnalysts Inc.","W. Hoiland","1of this taxon from this sample in Ref. Coll.",,"legacyData"
"f2da698c-a2c4-47ff-9016-a33816b38cd9","D05","CRAM","CRAM.AOS.littoral1","2016-09-22T15:41Z","2017-03-27","CRAM.20160922.PONAR.2",,"CRAM.20160922.PONAR.2.ABLABESMYIA SP.","ABLSP","Y","Ablabesmyia sp.","Ablabesmyia (Karelia) sp.","genus","Arthropoda","Hexapoda","Insecta","Pterygota","Neoptera","Holometabola","Diptera","Nematocera","Culicomorpha",,"Chironomidae","Tanypodinae","Pentaneurini",,"Ablabesmyia","sp.",,"larva",1,,3,20,15,"N","N",,"condition OK","Y",,"Epler 2001","N","EcoAnalysts Inc.","W. Hoiland","2of this taxon from this sample in Ref. Coll.",,"legacyData"
"6faa005f-d432-43a9-8a4c-59350f5451a8","D05","CRAM","CRAM.AOS.riparian.point.07","2016-09-22T15:41Z","2017-04-03","CRAM.20160922.ROOTEDSWEEP.7",,,"PSESP19","Y","Psectrocladius sp.",,"genus","Arthropoda","Hexapoda","Insecta","Pterygota","Neoptera","Holometabola","Diptera","Nematocera","Culicomorpha",,"Chironomidae","Orthocladiinae",,,"Psectrocladius","sp.",,"larva",5,,2,34,6,"N","N",,"condition OK","Y",,"Epler 2001","N","EcoAnalysts Inc.","W. Hoiland",,,"legacyData"
"8920a55c-640d-4cea-a317-fe73aa484f1a","D05","CRAM","CRAM.AOS.riparian.point.01","2016-09-22T15:41Z","2017-03-30","CRAM.20160922.ROOTEDSWEEP.1",,,"PARSP25","Y","Parakiefferiella sp.",,"genus","Arthropoda","Hexapoda","Insecta","Pterygota","Neoptera","Holometabola","Diptera","Nematocera","Culicomorpha",,"Chironomidae","Orthocladiinae",,,"Parakiefferiella","sp.",,"larva",1,,2,36,6,"N","N",,"condition OK","Y",,"Epler 2001","N","EcoAnalysts Inc.","W. Hoiland",,,"legacyData"
"68c6225a-b4a4-4a03-ad58-259073106f10","D05","CRAM","CRAM.AOS.riparian.point.01","2016-09-22T15:41Z","2017-03-30","CRAM.20160922.ROOTEDSWEEP.1",,"CRAM.20160922.ROOTEDSWEEP.1.POLYPEDILUM SORDENS","POLSOR","Y","Polypedilum sordens",,"species","Arthropoda","Hexapoda","Insecta","Pterygota","Neoptera","Holometabola","Diptera","Nematocera","Culicomorpha",,"Chironomidae","Chironominae","Chironomini",,"Polypedilum","sordens",,"larva",2,,1,36,3,"N","N",,"condition OK","Y",,"Maschwitz and Cook 2000","N","EcoAnalysts Inc.","W. Hoiland","1of this taxon from this sample in Ref. Coll.",,"legacyData"
"cdbca6f8-c0f3-4f1d-9e42-f9543d498ac2","D05","CRAM","CRAM.AOS.littoral2","2016-09-22T15:41Z","2017-03-27","CRAM.20160922.PONAR.1",,"CRAM.20160922.PONAR.1.POLYPEDILUM TRITUM","POLTRI2","Y","Polypedilum tritum",,"species","Arthropoda","Hexapoda","Insecta","Pterygota","Neoptera","Holometabola","Diptera","Nematocera","Culicomorpha",,"Chironomidae","Chironominae","Chironomini",,"Polypedilum","tritum",,"larva",2,,13,42,31,"N","N",,"condition OK","Y",,"Epler 2001, and Maschwitz and Cook 2000","Y","EcoAnalysts Inc.","W. Hoiland","3of this taxon from this sample in Ref. Coll.",,"legacyData"
"bd2cfbb0-ff03-4a0b-813c-a95fdc6523ce","D05","CRAM","CRAM.AOS.littoral2","2016-09-22T15:41Z","2017-04-10","CRAM.20160922.PONAR.1",,,"BEZSP1","Y","Bezzia/Palpomyia sp.",,"speciesGroup","Arthropoda","Hexapoda","Insecta","Pterygota","Neoptera","Holometabola","Diptera","Nematocera","Culicomorpha",,"Ceratopogonidae","Ceratopogoninae","Palpomyiini",,"Bezzia/Palpomyia","sp.",,"larva",3,"3b",3,42,7,"N","N",,"damaged, affecting measurement","Y",,"Merritt et al. 2008","Y","EcoAnalysts Inc.","B. Sloniker","Fragment; Measurement is of fragment only",,"legacyData"
"1170d203-a900-4c10-9a5d-30c46df894d8","D05","CRAM","CRAM.AOS.riparian.point.03","2016-09-22T15:41Z","2017-03-31","CRAM.20160922.ROOTEDSWEEP.3",,,"CLASP6","Y","Cladotanytarsus sp.",,"genus","Arthropoda","Hexapoda","Insecta","Pterygota","Neoptera","Holometabola","Diptera","Nematocera","Culicomorpha",,"Chironomidae","Chironominae","Tanytarsini",,"Cladotanytarsus","sp.",,"larva",1,,3,53,6,"N","N",,"condition OK","Y",,"Epler 2001","N","EcoAnalysts Inc.","W. Hoiland",,,"legacyData"
"c0d773da-2bd7-45c7-bdb3-191989f4728d","D05","CRAM","CRAM.AOS.riparian.point.01","2016-09-22T15:41Z","2017-03-30","CRAM.20160922.ROOTEDSWEEP.1",,,"PSESP19","Y","Psectrocladius sp.",,"genus","Arthropoda","Hexapoda","Insecta","Pterygota","Neoptera","Holometabola","Diptera","Nematocera","Culicomorpha",,"Chironomidae","Orthocladiinae",,,"Psectrocladius","sp.",,"larva",4,,2,36,6,"N","N",,"condition OK","Y",,"Epler 2001","N","EcoAnalysts Inc.","W. Hoiland",,,"legacyData"
"7b2bbebb-f847-4d85-982c-842d4de3c116","D05","CRAM","CRAM.AOS.riparian.point.07","2016-09-22T15:41Z","2017-04-03","CRAM.20160922.ROOTEDSWEEP.7",,,"ENDSP","Y","Endochironomus sp.",,"genus","Arthropoda","Hexapoda","Insecta","Pterygota","Neoptera","Holometabola","Diptera","Nematocera","Culicomorpha",,"Chironomidae","Chironominae","Chironomini",,"Endochironomus","sp.",,"larva",2,,1,34,3,"N","N",,"condition OK","Y",,"Epler 2001","N","EcoAnalysts Inc.","W. Hoiland",,,"legacyData"
"29604dd8-2132-4508-97a6-b6c4f0c8603b","D05","CRAM","CRAM.AOS.riparian.point.01","2016-09-22T15:41Z","2017-04-10","CRAM.20160922.ROOTEDSWEEP.1",,,"ORTSP2","Y","Orthotrichia sp.",,"genus","Arthropoda","Hexapoda","Insecta","Pterygota","Neoptera","Holometabola","Trichoptera",,,"Hydroptiloidea","Hydroptilidae","Hydroptilinae","Orthotrichiini",,"Orthotrichia","sp.",,"larva",1,,4,36,11,"N","N",,"condition OK","Y",,"Wiggins 1996","N","EcoAnalysts Inc.","B. Sloniker","1of this taxon from this sample in Ref. Coll.",,"legacyData"
"bbb1263e-7e38-4916-86b2-01385e307158","D05","CRAM","CRAM.AOS.riparian.point.03","2016-09-22T15:41Z","2017-04-10","CRAM.20160922.ROOTEDSWEEP.3",,,"PHRSP","Y","Phryganeidae sp.",,"family","Arthropoda","Hexapoda","Insecta","Pterygota","Neoptera","Holometabola","Trichoptera",,,"Phryganeoidea","Phryganeidae",,,,,"sp.",,"larva",1,,1,53,2,"N","N",,"condition OK","Y",,"Wiggins 1996","N","EcoAnalysts Inc.","B. Sloniker","1of this taxon from this sample in Ref. Coll.; Immature",,"legacyData"
"0c69cb8a-1d53-4882-9a53-2bbdfe8de37c","D05","CRAM","CRAM.AOS.riparian.point.07","2016-09-22T15:41Z","2017-04-03","CRAM.20160922.ROOTEDSWEEP.7",,,"CHISP8","Y","Chironomus sp.",,"genus","Arthropoda","Hexapoda","Insecta","Pterygota","Neoptera","Holometabola","Diptera","Nematocera","Culicomorpha",,"Chironomidae","Chironominae","Chironomini",,"Chironomus","sp.",,"larva",3,,8,34,24,"N","N",,"condition OK","Y",,"Epler 2001","N","EcoAnalysts Inc.","W. Hoiland",,,"legacyData"
"d48ccf0b-9fe9-49ca-9fc0-6d88446ba9fa","D05","CRAM","CRAM.AOS.littoral2","2016-09-22T15:41Z","2017-04-17","CRAM.20160922.PONAR.1",,,"CRYSP2","Y","Cryptochironomus sp.",,"genus","Arthropoda","Hexapoda","Insecta","Pterygota","Neoptera","Holometabola","Diptera","Nematocera","Culicomorpha",,"Chironomidae","Chironominae","Chironomini",,"Cryptochironomus","sp.",,"larva",2,,1,42,2,"N","N",,"condition OK","Y",,"Epler 2001","Y","EcoAnalysts Inc.","W. Hoiland",,,"legacyData"
"c84bc4db-989a-4f56-96ee-5dc71ab67d98","D05","CRAM","CRAM.AOS.littoral2","2016-09-22T15:41Z","2017-04-04","CRAM.20160922.PONAR.1",,,"ABLSP","Y","Ablabesmyia sp.",,"genus","Arthropoda","Hexapoda","Insecta","Pterygota","Neoptera","Holometabola","Diptera","Nematocera","Culicomorpha",,"Chironomidae","Tanypodinae","Pentaneurini",,"Ablabesmyia","sp.",,"larva",1,,10,42,24,"N","N",,"condition OK","Y",,"Roback 1985 and Epler 2001","Y","EcoAnalysts Inc.","W. Hoiland",,,"legacyData"
"f3405b3f-20dd-4adb-86c2-db456e32e284","D05","CRAM","CRAM.AOS.littoral1","2016-09-22T15:41Z","2017-03-27","CRAM.20160922.PONAR.2",,"CRAM.20160922.PONAR.2.CRYPTOCHIRONOMUS SP.","CRYSP2","Y","Cryptochironomus sp.",,"genus","Arthropoda","Hexapoda","Insecta","Pterygota","Neoptera","Holometabola","Diptera","Nematocera","Culicomorpha",,"Chironomidae","Chironominae","Chironomini",,"Cryptochironomus","sp.",,"larva",3,,1,20,5,"N","N",,"condition OK","Y",,"Epler 2001","N","EcoAnalysts Inc.","W. Hoiland","3of this taxon from this sample in Ref. Coll.",,"legacyData"
"fa148664-5835-4edd-ae1c-5f2988b3f639","D05","CRAM","CRAM.AOS.littoral2","2016-09-22T15:41Z","2017-03-24","CRAM.20160922.PONAR.1",,"CRAM.20160922.PONAR.1.PSEUDOCHIRONOMUS SP.","PSESP18","Y","Pseudochironomus sp.",,"genus","Arthropoda","Hexapoda","Insecta","Pterygota","Neoptera","Holometabola","Diptera","Nematocera","Culicomorpha",,"Chironomidae","Chironominae","Pseudochironomini",,"Pseudochironomus","sp.",,"larva",1,,1,42,2,"Y","N",,"condition OK","N",,"Epler 2001","Y","EcoAnalysts Inc.","W. Hoiland","2of this taxon from this sample in Ref. Coll.",,"legacyData"
"80a98457-06a6-47f2-8d4e-64ce9cefd94f","D05","CRAM","CRAM.AOS.riparian.point.03","2016-09-22T15:41Z","2017-03-31","CRAM.20160922.ROOTEDSWEEP.3",,,"ABLSP","Y","Ablabesmyia sp.","Ablabesmyia (Karelia) sp.","genus","Arthropoda","Hexapoda","Insecta","Pterygota","Neoptera","Holometabola","Diptera","Nematocera","Culicomorpha",,"Chironomidae","Tanypodinae","Pentaneurini",,"Ablabesmyia","sp.",,"larva",3,,6,53,11,"N","N",,"condition OK","Y",,"Epler 2001","N","EcoAnalysts Inc.","W. Hoiland",,,"legacyData"
"33399807-4ec6-4688-8af0-81b972effb60","D05","CRAM","CRAM.AOS.littoral1","2016-09-22T15:41Z","2017-03-17","CRAM.20160922.PONAR.2",,"CRAM.20160922.PONAR.2_OLIGOCHAETE_1/1","ENCSP1","Y","Enchytraeidae sp.",,"family","Annelida","Clitellata","Oligochaeta","Oligochaeta",,,"Enchytraeida",,,,"Enchytraeidae",,,,,"sp.",,"none",5,,1,20,5,"N","N",,"condition OK","Y",,"Kathman and Brinkhurst 1999","N","EcoAnalysts Inc.","L. Flaherty",,,"legacyData"
"bac8446b-88f4-49ee-95df-9f1c4c0ec360","D05","CRAM","CRAM.AOS.riparian.point.01","2016-09-22T15:41Z","2017-03-30","CRAM.20160922.ROOTEDSWEEP.1",,,"TANSP11","Y","Tanytarsus sp.",,"genus","Arthropoda","Hexapoda","Insecta","Pterygota","Neoptera","Holometabola","Diptera","Nematocera","Culicomorpha",,"Chironomidae","Chironominae","Tanytarsini",,"Tanytarsus","sp.",,"larva",1,,1,36,3,"Y","N",,"condition OK","N",,"Epler 2001","N","EcoAnalysts Inc.","W. Hoiland",,,"legacyData"
"de036a2e-d3c6-4e03-b9a3-0b731c8419b9","D05","CRAM","CRAM.AOS.riparian.point.05","2016-09-22T15:41Z","2017-03-31","CRAM.20160922.ROOTEDSWEEP.5",,,"DICSP7","Y","Dicrotendipes sp.",,"genus","Arthropoda","Hexapoda","Insecta","Pterygota","Neoptera","Holometabola","Diptera","Nematocera","Culicomorpha",,"Chironomidae","Chironominae","Chironomini",,"Dicrotendipes","sp.",,"larva",4,,2,37,5,"N","N",,"condition OK","Y",,"Epler 1987, 1988, 2001","N","EcoAnalysts Inc.","W. Hoiland",,,"legacyData"
"b334e1a6-5ee7-4e16-a88d-f062b94c439f","D05","CRAM","CRAM.AOS.littoral1","2016-09-22T15:41Z","2017-03-27","CRAM.20160922.PONAR.2",,"CRAM.20160922.PONAR.2.CHIRONOMUS SP.","CHISP8","Y","Chironomus sp.",,"genus","Arthropoda","Hexapoda","Insecta","Pterygota","Neoptera","Holometabola","Diptera","Nematocera","Culicomorpha",,"Chironomidae","Chironominae","Chironomini",,"Chironomus","sp.",,"larva",3,,1,20,5,"N","N",,"condition OK","Y",,"Epler 2001","N","EcoAnalysts Inc.","W. Hoiland","1of this taxon from this sample in Ref. Coll.",,"legacyData"
"602b110c-f35b-426f-8516-daafcbf5100e","D05","CRAM","CRAM.AOS.littoral1","2016-09-22T15:41Z","2017-03-31","CRAM.20160922.PONAR.2",,"CRAM.20160922.PONAR.2.GLYPTOTENDIPES SP.","GLYSP3","Y","Glyptotendipes sp.",,"genus","Arthropoda","Hexapoda","Insecta","Pterygota","Neoptera","Holometabola","Diptera","Nematocera","Culicomorpha",,"Chironomidae","Chironominae","Chironomini",,"Glyptotendipes","sp.",,"larva",2,,1,20,5,"N","N",,"condition OK","Y",,"Epler 2001","N","EcoAnalysts Inc.","W. Hoiland","1of this taxon from this sample in Ref. Coll.",,"legacyData"
"f1fe1be3-2aff-40d0-8f80-12b7aa70c9ac","D05","CRAM","CRAM.AOS.littoral1","2016-09-22T15:41Z","2017-04-04","CRAM.20160922.PONAR.2",,"CRAM.20160922.PONAR.2.ABLABESMYIA SP.","ABLSP","Y","Ablabesmyia sp.",,"genus","Arthropoda","Hexapoda","Insecta","Pterygota","Neoptera","Holometabola","Diptera","Nematocera","Culicomorpha",,"Chironomidae","Tanypodinae","Pentaneurini",,"Ablabesmyia","sp.",,"larva",1,,2,20,10,"N","N",,"condition OK","Y",,"Roback 1985 and Epler 2001","N","EcoAnalysts Inc.","W. Hoiland",,,"legacyData"
"f8d8fa4a-04bf-4e4e-a569-f60c5496d62f","D05","CRAM","CRAM.AOS.riparian.point.03","2016-09-22T15:41Z","2017-04-10","CRAM.20160922.ROOTEDSWEEP.3",,,"OXYSP","Y","Oxyethira sp.",,"genus","Arthropoda","Hexapoda","Insecta","Pterygota","Neoptera","Holometabola","Trichoptera",,,"Hydroptiloidea","Hydroptilidae","Hydroptilinae","Hydroptilini",,"Oxyethira","sp.",,"larva",3,,2,53,4,"N","N",,"condition OK","Y",,"Wiggins 1996","N","EcoAnalysts Inc.","B. Sloniker",,,"legacyData"
"d43d9d37-6d80-4f2c-9c77-7be2c34fb20b","D05","CRAM","CRAM.AOS.buoy.c0","2016-09-22T15:41Z","2017-03-29","CRAM.20160922.PONAR.3",,,"PSESP19","Y","Psectrocladius sp.",,"genus","Arthropoda","Hexapoda","Insecta","Pterygota","Neoptera","Holometabola","Diptera","Nematocera","Culicomorpha",,"Chironomidae","Orthocladiinae",,,"Psectrocladius","sp.",,"larva",2,,1,100,1,"Y","N",,"condition OK","N",,"Epler 2001","N","EcoAnalysts Inc.","W. Hoiland",,,"legacyData"
"32883f2d-d3a3-481f-b558-16bff6d0cca5","D05","CRAM","CRAM.AOS.littoral1","2016-09-22T15:41Z","2017-03-17","CRAM.20160922.PONAR.2",,"CRAM.20160922.PONAR.2_OLIGOCHAETE_1/1","PRILEI","Y","Pristina leidyi",,"species","Annelida","Clitellata","Oligochaeta","Oligochaeta",,,"Tubificida",,,,"Naididae","Pristininae",,,"Pristina","leidyi",,"none",2,,1,20,5,"N","N",,"condition OK","Y",,"Kathman and Brinkhurst 1998","N","EcoAnalysts Inc.","L. Flaherty","1of this taxon from this sample in Ref. Coll.",,"legacyData"
"fe7b8246-3b64-4427-8dd9-0a5f1687296d","D05","CRAM","CRAM.AOS.littoral2","2016-09-22T15:41Z","2017-03-27","CRAM.20160922.PONAR.1",,"CRAM.20160922.PONAR.1.LABRUNDINIA SP.","LABSP","Y","Labrundinia sp.",,"genus","Arthropoda","Hexapoda","Insecta","Pterygota","Neoptera","Holometabola","Diptera","Nematocera","Culicomorpha",,"Chironomidae","Tanypodinae","Pentaneurini",,"Labrundinia","sp.",,"larva",2,,1,42,2,"N","N",,"condition OK","Y",,"Epler 2001","Y","EcoAnalysts Inc.","W. Hoiland","1of this taxon from this sample in Ref. Coll.",,"legacyData"
"aa562559-3d28-4ebf-96be-2469e06ef60a","D05","CRAM","CRAM.AOS.riparian.point.07","2016-09-22T15:41Z","2017-04-03","CRAM.20160922.ROOTEDSWEEP.7",,,"TANSP11","Y","Tanytarsus sp.",,"genus","Arthropoda","Hexapoda","Insecta","Pterygota","Neoptera","Holometabola","Diptera","Nematocera","Culicomorpha",,"Chironomidae","Chironominae","Tanytarsini",,"Tanytarsus","sp.",,"larva",3,,1,34,3,"Y","N",,"condition OK","Y",,"Epler 2001","N","EcoAnalysts Inc.","W. Hoiland",,,"legacyData"
"dcff7193-c8e4-4aed-9f26-e878ad3b129e","D05","CRAM","CRAM.AOS.littoral2","2016-09-22T15:41Z","2017-04-10","CRAM.20160922.PONAR.1",,,"BEZSP1","Y","Bezzia/Palpomyia sp.",,"speciesGroup","Arthropoda","Hexapoda","Insecta","Pterygota","Neoptera","Holometabola","Diptera","Nematocera","Culicomorpha",,"Ceratopogonidae","Ceratopogoninae","Palpomyiini",,"Bezzia/Palpomyia","sp.",,"larva",2,,1,42,2,"N","N",,"condition OK","Y",,"Merritt et al. 2008","Y","EcoAnalysts Inc.","B. Sloniker","Fragment; Measurement is of fragment only",,"legacyData"
"59dff7be-2a7e-42fc-9e02-477b3685951c","D05","CRAM","CRAM.AOS.littoral1","2016-09-22T15:41Z","2017-03-17","CRAM.20160922.PONAR.2",,"CRAM.20160922.PONAR.2_OLIGOCHAETE_1/1","PRISP1","Y","Pristina sp.",,"genus","Annelida","Clitellata","Oligochaeta","Oligochaeta",,,"Tubificida",,,,"Naididae","Pristininae",,,"Pristina","sp.",,"none",1,,1,20,5,"N","N",,"condition OK","Y",,"Kathman and Brinkhurst 1998","N","EcoAnalysts Inc.","L. Flaherty","Fragment; Measurement is of fragment only",,"legacyData"
"ee950b2f-eb65-4eb7-8636-fd956610404a","D05","CRAM","CRAM.AOS.littoral1","2016-09-22T15:41Z","2017-03-17","CRAM.20160922.PONAR.2",,"CRAM.20160922.PONAR.2_OLIGOCHAETE_1/1","ENCSP1","Y","Enchytraeidae sp.",,"family","Annelida","Clitellata","Oligochaeta","Oligochaeta",,,"Enchytraeida",,,,"Enchytraeidae",,,,,"sp.",,"none",2,,1,20,5,"N","N",,"condition OK","Y",,"Kathman and Brinkhurst 1999","N","EcoAnalysts Inc.","L. Flaherty",,,"legacyData"
"01c874e6-8bc9-46ca-abff-c75aaea57464","D05","CRAM","CRAM.AOS.riparian.point.09","2016-09-22T15:41Z","2017-04-03","CRAM.20160922.ROOTEDSWEEP.9",,,"TANSP11","Y","Tanytarsus sp.",,"genus","Arthropoda","Hexapoda","Insecta","Pterygota","Neoptera","Holometabola","Diptera","Nematocera","Culicomorpha",,"Chironomidae","Chironominae","Tanytarsini",,"Tanytarsus","sp.",,"larva",1,,7,75,9,"N","N",,"condition OK","Y",,"Epler 2001","N","EcoAnalysts Inc.","W. Hoiland",,,"legacyData"
"c85f2ba9-13a6-44f4-af85-c4926083be5e","D05","CRAM","CRAM.AOS.riparian.point.07","2016-09-22T15:41Z","2017-04-03","CRAM.20160922.ROOTEDSWEEP.7",,,"POLTRI2","Y","Polypedilum tritum",,"species","Arthropoda","Hexapoda","Insecta","Pterygota","Neoptera","Holometabola","Diptera","Nematocera","Culicomorpha",,"Chironomidae","Chironominae","Chironomini",,"Polypedilum","tritum",,"larva",2,,8,34,24,"N","N",,"condition OK","Y",,"Epler 2001, and Maschwitz and Cook 2000","N","EcoAnalysts Inc.","W. Hoiland",,,"legacyData"
"b9499a3d-cc0e-4cbb-9be3-269b92530c08","D05","CRAM","CRAM.AOS.littoral1","2016-09-22T15:41Z","2017-03-27","CRAM.20160922.PONAR.2",,,"PSESP18","Y","Pseudochironomus sp.",,"genus","Arthropoda","Hexapoda","Insecta","Pterygota","Neoptera","Holometabola","Diptera","Nematocera","Culicomorpha",,"Chironomidae","Chironominae","Pseudochironomini",,"Pseudochironomus","sp.",,"larva",3,,2,20,10,"N","N",,"condition OK","Y",,"Epler 2001","N","EcoAnalysts Inc.","W. Hoiland",,,"legacyData"
"6182f596-876d-42ce-b181-50b1af781c41","D05","CRAM","CRAM.AOS.riparian.point.07","2016-09-22T15:41Z","2017-04-11","CRAM.20160922.ROOTEDSWEEP.7",,,"OXYSP","Y","Oxyethira sp.",,"genus","Arthropoda","Hexapoda","Insecta","Pterygota","Neoptera","Holometabola","Trichoptera",,,"Hydroptiloidea","Hydroptilidae","Hydroptilinae","Hydroptilini",,"Oxyethira","sp.",,"larva",2,,2,34,6,"Y","N",,"condition OK","Y",,"Wiggins 1996","N","EcoAnalysts Inc.","B. Sloniker",,,"legacyData"
"ea825894-e136-4261-9bd8-ed4ee5a34e1e","D05","CRAM","CRAM.AOS.littoral2","2016-09-22T15:41Z","2017-03-24","CRAM.20160922.PONAR.1",,"CRAM.20160922.PONAR.1.PROCLADIUS SP.","PROSP23","Y","Procladius sp.",,"genus","Arthropoda","Hexapoda","Insecta","Pterygota","Neoptera","Holometabola","Diptera","Nematocera","Culicomorpha",,"Chironomidae","Tanypodinae","Procladiini",,"Procladius","sp.",,"larva",3,,1,42,2,"N","N",,"condition OK","Y",,"Epler 2001","Y","EcoAnalysts Inc.","W. Hoiland","3of this taxon from this sample in Ref. Coll.",,"legacyData"
"cfc3c7d0-2b84-4d7a-a49f-97003f160f6e","D05","CRAM","CRAM.AOS.riparian.point.01","2016-09-22T15:41Z","2017-03-30","CRAM.20160922.ROOTEDSWEEP.1",,"CRAM.20160922.ROOTEDSWEEP.1.CORYNONEURA SP.","CORSP19","Y","Corynoneura sp.",,"genus","Arthropoda","Hexapoda","Insecta","Pterygota","Neoptera","Holometabola","Diptera","Nematocera","Culicomorpha",,"Chironomidae","Orthocladiinae",,,"Corynoneura","sp.",,"larva",1,"1a",4,36,11,"N","N",,"condition OK","Y",,"Epler 2001","N","EcoAnalysts Inc.","W. Hoiland","3of this taxon from this sample in Ref. Coll.",,"legacyData"
"fd0e721d-bc05-4ea8-ae1a-55d0b277bcc4","D05","CRAM","CRAM.AOS.riparian.point.01","2016-09-22T15:41Z","2017-03-30","CRAM.20160922.ROOTEDSWEEP.1",,,"POLTRI2","Y","Polypedilum tritum",,"species","Arthropoda","Hexapoda","Insecta","Pterygota","Neoptera","Holometabola","Diptera","Nematocera","Culicomorpha",,"Chironomidae","Chironominae","Chironomini",,"Polypedilum","tritum",,"larva",1,,1,36,3,"N","N",,"condition OK","Y",,"Epler 2001, and Maschwitz and Cook 2000","N","EcoAnalysts Inc.","W. Hoiland",,,"legacyData"
"bd8ab01b-718c-4ed4-9673-68c0ca2dbe15","D05","CRAM","CRAM.AOS.littoral1","2016-09-22T15:41Z","2017-04-10","CRAM.20160922.PONAR.2",,,"NEMSP","Y","Nematoda sp.",,"phylum","Nematoda",,,,,,,,,,,,,,,"sp.",,"none",2,,57,20,283,"N","N",,"condition OK","Y",,"Thorp and Covich 2001","N","EcoAnalysts Inc.","B. Sloniker",,,"legacyData"
"80bbd8d3-1f51-42dd-825a-d6f6d74a7b24","D05","CRAM","CRAM.AOS.riparian.point.07","2016-09-22T15:41Z","2017-04-03","CRAM.20160922.ROOTEDSWEEP.7",,,"PROSP23","Y","Procladius sp.",,"genus","Arthropoda","Hexapoda","Insecta","Pterygota","Neoptera","Holometabola","Diptera","Nematocera","Culicomorpha",,"Chironomidae","Tanypodinae","Procladiini",,"Procladius","sp.",,"larva",2,,2,34,6,"N","N",,"condition OK","Y",,"Epler 2001","N","EcoAnalysts Inc.","W. Hoiland",,,"legacyData"
"d1badbb3-80fc-40c1-a934-98487f4a9d0a","D05","CRAM","CRAM.AOS.riparian.point.03","2016-09-22T15:41Z","2017-03-31","CRAM.20160922.ROOTEDSWEEP.3",,,"TANSP11","Y","Tanytarsus sp.",,"genus","Arthropoda","Hexapoda","Insecta","Pterygota","Neoptera","Holometabola","Diptera","Nematocera","Culicomorpha",,"Chironomidae","Chironominae","Tanytarsini",,"Tanytarsus","sp.",,"larva",1,,7,53,13,"N","N",,"condition OK","Y",,"Epler 2001","N","EcoAnalysts Inc.","W. Hoiland",,,"legacyData"
"1a00261f-9597-4ef5-abeb-cf82a970d9f6","D05","CRAM","CRAM.AOS.buoy.c0","2016-09-22T15:41Z","2017-03-29","CRAM.20160922.PONAR.3",,,"PARSP34","Y","Paratanytarsus sp.",,"genus","Arthropoda","Hexapoda","Insecta","Pterygota","Neoptera","Holometabola","Diptera","Nematocera","Culicomorpha",,"Chironomidae","Chironominae","Tanytarsini",,"Paratanytarsus","sp.",,"larva",1,,2,100,2,"Y","N",,"condition OK","Y",,"Epler 2001","N","EcoAnalysts Inc.","W. Hoiland",,,"legacyData"
"1fa7d1d8-1eb8-41f7-8ea2-190f1af7aa99","D05","CRAM","CRAM.AOS.littoral1","2016-09-22T15:41Z","2017-04-10","CRAM.20160922.PONAR.2",,,"CELSP1","Y","Celithemis sp.",,"genus","Arthropoda","Hexapoda","Insecta","Pterygota","Palaeoptera",,"Odonata","Anisoptera",,,"Libellulidae",,,,"Celithemis","sp.",,"larva",13,,1,20,5,"N","N",,"condition OK","Y",,"Needham, Westfall and May 2000","N","EcoAnalysts Inc.","B. Sloniker","1of this taxon from this sample in Ref. Coll.; Immature",,"legacyData"
"dbe6d7ea-b7e4-4895-974f-5fcaca55027e","D05","CRAM","CRAM.AOS.littoral1","2016-09-22T15:41Z","2017-04-10","CRAM.20160922.PONAR.2",,,"CAESP5","Y","Caenis sp.",,"genus","Arthropoda","Hexapoda","Insecta","Pterygota","Palaeoptera",,"Ephemeroptera","Furcatergalia","Pannota","Caenoidea","Caenidae","Caeninae",,,"Caenis","sp.",,"larva",2,,9,20,45,"N","N",,"condition OK","Y",,"Merritt et al. 2008","N","EcoAnalysts Inc.","B. Sloniker","Immature",,"legacyData"
"28fc3a21-88ec-47ab-be25-41e84a8d38d0","D05","CRAM","CRAM.AOS.riparian.point.07","2016-09-22T15:41Z","2017-04-03","CRAM.20160922.ROOTEDSWEEP.7",,,"ABLSP","Y","Ablabesmyia sp.",,"genus","Arthropoda","Hexapoda","Insecta","Pterygota","Neoptera","Holometabola","Diptera","Nematocera","Culicomorpha",,"Chironomidae","Tanypodinae","Pentaneurini",,"Ablabesmyia","sp.",,"larva",2,,3,34,9,"Y","N",,"condition OK","Y",,"Roback 1985 and Epler 2001","N","EcoAnalysts Inc.","W. Hoiland",,,"legacyData"
"67af1102-88d7-4d86-a655-4c0d1ef1fd68","D05","CRAM","CRAM.AOS.riparian.point.07","2016-09-22T15:41Z","2017-04-03","CRAM.20160922.ROOTEDSWEEP.7",,,"MICPED","Y","Microtendipes pedellus gr.",,"speciesGroup","Arthropoda","Hexapoda","Insecta","Pterygota","Neoptera","Holometabola","Diptera","Nematocera","Culicomorpha",,"Chironomidae","Chironominae","Chironomini",,"Microtendipes","pedellus gr.",,"larva",4,,1,34,3,"N","N",,"condition OK","Y",,"Epler 2001","N","EcoAnalysts Inc.","W. Hoiland",,,"legacyData"
"bab85636-2dc3-48dc-b33e-44ec7d48be54","D05","CRAM","CRAM.AOS.riparian.point.01","2016-09-22T15:41Z","2017-03-30","CRAM.20160922.ROOTEDSWEEP.1",,"CRAM.20160922.ROOTEDSWEEP.1.GLYPTOTENDIPES SP.","GLYSP3","Y","Glyptotendipes sp.",,"genus","Arthropoda","Hexapoda","Insecta","Pterygota","Neoptera","Holometabola","Diptera","Nematocera","Culicomorpha",,"Chironomidae","Chironominae","Chironomini",,"Glyptotendipes","sp.",,"larva",8,,1,36,3,"N","N",,"condition OK","Y",,"Epler 2001","N","EcoAnalysts Inc.","W. Hoiland","2of this taxon from this sample in Ref. Coll.",,"legacyData"
"d04645e0-d44e-41d0-a307-e91a03f03ed0","D05","CRAM","CRAM.AOS.riparian.point.09","2016-09-22T15:41Z","2017-03-17","CRAM.20160922.ROOTEDSWEEP.9",,"CRAM.20160922.ROOTEDSWEEP.9.OLIGOCHAETE_1/1","VEJCOM","Y","Vejdovskyella comata",,"species","Annelida","Clitellata","Oligochaeta","Oligochaeta",,,"Tubificida",,,,"Naididae","Naidinae",,,"Vejdovskyella","comata",,"none",1,,1,75,1,"N","N",,"condition OK","Y",,"Kathman and Brinkhurst 1998","N","EcoAnalysts Inc.","L. Flaherty",,,"legacyData"
"786f081d-5396-4fd6-9717-ce35892a1b1d","D05","CRAM","CRAM.AOS.littoral2","2016-09-22T15:41Z","2017-03-24","CRAM.20160922.PONAR.1",,"CRAM.20160922.PONAR.1.PSEUDOCHIRONOMUS SP.","PSESP18","Y","Pseudochironomus sp.",,"genus","Arthropoda","Hexapoda","Insecta","Pterygota","Neoptera","Holometabola","Diptera","Nematocera","Culicomorpha",,"Chironomidae","Chironominae","Pseudochironomini",,"Pseudochironomus","sp.",,"larva",3,,2,42,5,"Y","N",,"condition OK","N",,"Epler 2001","Y","EcoAnalysts Inc.","W. Hoiland","2of this taxon from this sample in Ref. Coll.",,"legacyData"
"9c95dd0d-26d4-4379-8f30-00df660f043b","D05","CRAM","CRAM.AOS.riparian.point.05","2016-09-22T15:41Z","2017-03-31","CRAM.20160922.ROOTEDSWEEP.5",,,"PARSP25","Y","Parakiefferiella sp.",,"genus","Arthropoda","Hexapoda","Insecta","Pterygota","Neoptera","Holometabola","Diptera","Nematocera","Culicomorpha",,"Chironomidae","Orthocladiinae",,,"Parakiefferiella","sp.",,"larva",2,,80,37,218,"N","N",,"condition OK","Y",,"Epler 2001","N","EcoAnalysts Inc.","W. Hoiland",,,"legacyData"
"e94cd86f-cbd9-46e2-b7cf-0b114c59ca50","D05","CRAM","CRAM.AOS.littoral2","2016-09-22T15:41Z","2017-03-24","CRAM.20160922.PONAR.1",,"CRAM.20160922.PONAR.1.PROCLADIUS SP.","PROSP23","Y","Procladius sp.",,"genus","Arthropoda","Hexapoda","Insecta","Pterygota","Neoptera","Holometabola","Diptera","Nematocera","Culicomorpha",,"Chironomidae","Tanypodinae","Procladiini",,"Procladius","sp.",,"larva",2,,3,42,7,"Y","N",,"condition OK","N",,"Epler 2001","Y","EcoAnalysts Inc.","W. Hoiland","3of this taxon from this sample in Ref. Coll.",,"legacyData"
"ea3283d7-1f40-4794-a978-f2802da3d015","D05","CRAM","CRAM.AOS.riparian.point.03","2016-09-22T15:41Z","2017-03-17","CRAM.20160922.ROOTEDSWEEP.3",,"CRAM.20160922.ROOTEDSWEEP.3_OLIGOCHAETE_1/1","NAISP1","Y","Nais sp.",,"genus","Annelida","Clitellata","Oligochaeta","Oligochaeta",,,"Tubificida",,,,"Naididae","Naidinae",,,"Nais","sp.",,"none",3,,1,53,2,"N","N",,"condition OK","Y",,"Kathman and Brinkhurst 1998","N","EcoAnalysts Inc.","L. Flaherty","Fragment; Measurement is of fragment only",,"legacyData"
"9491ff9b-5843-4921-8b5f-24d37519fcb0","D05","CRAM","CRAM.AOS.riparian.point.05","2016-09-22T15:41Z","2017-04-11","CRAM.20160922.ROOTEDSWEEP.5",,,"NEMSP","Y","Nematoda sp.",,"phylum","Nematoda",,,,,,,,,,,,,,,"sp.",,"none",2,,1,37,3,"N","N",,"condition OK","Y",,"Thorp and Covich 2001","N","EcoAnalysts Inc.","B. Sloniker",,,"legacyData"
"d53437b0-2705-4d56-b8e2-9fde797c620b","D05","CRAM","CRAM.AOS.littoral2","2016-09-22T15:41Z","2017-04-10","CRAM.20160922.PONAR.1",,,"CAESP5","Y","Caenis sp.",,"genus","Arthropoda","Hexapoda","Insecta","Pterygota","Palaeoptera",,"Ephemeroptera","Furcatergalia","Pannota","Caenoidea","Caenidae","Caeninae",,,"Caenis","sp.",,"larva",3,,1,42,2,"N","N",,"condition OK","Y",,"Merritt et al. 2008","Y","EcoAnalysts Inc.","B. Sloniker","Immature",,"legacyData"
"581512a3-a824-487e-992b-36d1e50e5c9e","D05","CRAM","CRAM.AOS.riparian.point.09","2016-09-22T15:41Z","2017-04-03","CRAM.20160922.ROOTEDSWEEP.9",,,"ENDSP","Y","Endochironomus sp.",,"genus","Arthropoda","Hexapoda","Insecta","Pterygota","Neoptera","Holometabola","Diptera","Nematocera","Culicomorpha",,"Chironomidae","Chironominae","Chironomini",,"Endochironomus","sp.",,"larva",2,,1,75,1,"Y","N",,"condition OK","Y",,"Epler 2001","N","EcoAnalysts Inc.","W. Hoiland",,,"legacyData"
"13c5dd51-2b58-47a9-8779-2eba08ba3e14","D05","CRAM","CRAM.AOS.littoral1","2016-09-22T15:41Z","2017-03-27","CRAM.20160922.PONAR.2",,,"PSESP19","Y","Psectrocladius sp.",,"genus","Arthropoda","Hexapoda","Insecta","Pterygota","Neoptera","Holometabola","Diptera","Nematocera","Culicomorpha",,"Chironomidae","Orthocladiinae",,,"Psectrocladius","sp.",,"larva",4,,2,20,10,"N","N",,"condition OK","Y",,"Epler 2001","N","EcoAnalysts Inc.","W. Hoiland",,,"legacyData"
"08574321-bbce-42bb-a9cd-0ec881edb33d","D05","CRAM","CRAM.AOS.riparian.point.09","2016-09-22T15:41Z","2017-04-11","CRAM.20160922.ROOTEDSWEEP.9",,,"CAESP5","Y","Caenis sp.",,"genus","Arthropoda","Hexapoda","Insecta","Pterygota","Palaeoptera",,"Ephemeroptera","Furcatergalia","Pannota","Caenoidea","Caenidae","Caeninae",,,"Caenis","sp.",,"larva",3,,1,75,1,"N","N",,"condition OK","Y",,"Merritt et al. 2008","N","EcoAnalysts Inc.","B. Sloniker",,,"legacyData"
"82741347-1c04-445b-afe3-9de9f19ff179","D05","CRAM","CRAM.AOS.littoral2","2016-09-22T15:41Z","2017-03-24","CRAM.20160922.PONAR.1",,"CRAM.20160922.PONAR.1.PSECTROCLADIUS SP.","PSESP19","Y","Psectrocladius sp.",,"genus","Arthropoda","Hexapoda","Insecta","Pterygota","Neoptera","Holometabola","Diptera","Nematocera","Culicomorpha",,"Chironomidae","Orthocladiinae",,,"Psectrocladius","sp.",,"larva",2,,4,42,10,"Y","N",,"condition OK","N",,"Epler 2001","Y","EcoAnalysts Inc.","W. Hoiland","3of this taxon from this sample in Ref. Coll.",,"legacyData"
"4f60f0d5-9853-4c65-aed2-705056de8b4c","D05","CRAM","CRAM.AOS.riparian.point.03","2016-09-22T15:41Z","2017-03-31","CRAM.20160922.ROOTEDSWEEP.3",,,"CRISP2","Y","Cricotopus sp.",,"genus","Arthropoda","Hexapoda","Insecta","Pterygota","Neoptera","Holometabola","Diptera","Nematocera","Culicomorpha",,"Chironomidae","Orthocladiinae",,,"Cricotopus","sp.",,"larva",3,,1,53,2,"N","N",,"condition OK","Y",,"Epler 2001","N","EcoAnalysts Inc.","W. Hoiland",,,"legacyData"
"b2312521-9247-4009-b216-5edc06f13def","D05","CRAM","CRAM.AOS.riparian.point.01","2016-09-22T15:41Z","2017-03-30","CRAM.20160922.ROOTEDSWEEP.1",,"CRAM.20160922.ROOTEDSWEEP.1.POLYPEDILUM SORDENS","POLSOR","Y","Polypedilum sordens",,"species","Arthropoda","Hexapoda","Insecta","Pterygota","Neoptera","Holometabola","Diptera","Nematocera","Culicomorpha",,"Chironomidae","Chironominae","Chironomini",,"Polypedilum","sordens",,"larva",3,,2,36,6,"N","N",,"condition OK","Y",,"Maschwitz and Cook 2000","N","EcoAnalysts Inc.","W. Hoiland","1of this taxon from this sample in Ref. Coll.",,"legacyData"
"e29926ad-9e95-4513-bf56-1c5134207f95","D05","CRAM","CRAM.AOS.riparian.point.03","2016-09-22T15:41Z","2017-03-31","CRAM.20160922.ROOTEDSWEEP.3",,,"ABLSP","Y","Ablabesmyia sp.","Ablabesmyia (Karelia) sp.","genus","Arthropoda","Hexapoda","Insecta","Pterygota","Neoptera","Holometabola","Diptera","Nematocera","Culicomorpha",,"Chironomidae","Tanypodinae","Pentaneurini",,"Ablabesmyia","sp.",,"larva",2,,5,53,9,"Y","N",,"condition OK","Y",,"Epler 2001","N","EcoAnalysts Inc.","W. Hoiland",,,"legacyData"
"25de2379-36f1-4b49-9d38-c840fe4f361d","D05","CRAM","CRAM.AOS.riparian.point.05","2016-09-22T15:41Z","2017-03-31","CRAM.20160922.ROOTEDSWEEP.5",,,"PARSP25","Y","Parakiefferiella sp.",,"genus","Arthropoda","Hexapoda","Insecta","Pterygota","Neoptera","Holometabola","Diptera","Nematocera","Culicomorpha",,"Chironomidae","Orthocladiinae",,,"Parakiefferiella","sp.",,"larva",2,,2,37,5,"N","N",,"damaged, affecting analysis","Y",,"Epler 2001","N","EcoAnalysts Inc.","W. Hoiland",,,"legacyData"
"414b59db-0382-4adc-913a-235bbf761f74","D05","CRAM","CRAM.AOS.riparian.point.09","2016-09-22T15:41Z","2017-04-03","CRAM.20160922.ROOTEDSWEEP.9",,,"THIGRO","Y","Thienemannimyia gr.",,"speciesGroup","Arthropoda","Hexapoda","Insecta","Pterygota","Neoptera","Holometabola","Diptera","Nematocera","Culicomorpha",,"Chironomidae","Tanypodinae","Pentaneurini",,"Thienemannimyia","gr.",,"larva",1,,1,75,1,"N","N",,"condition OK","Y",,"Epler 2001","N","EcoAnalysts Inc.","W. Hoiland",,,"legacyData"
"76c566df-1f32-42e4-83bd-45bcf5e43f01","D05","CRAM","CRAM.AOS.littoral1","2016-09-22T15:41Z","2017-03-27","CRAM.20160922.PONAR.2",,,"PARSP34","Y","Paratanytarsus sp.",,"genus","Arthropoda","Hexapoda","Insecta","Pterygota","Neoptera","Holometabola","Diptera","Nematocera","Culicomorpha",,"Chironomidae","Chironominae","Tanytarsini",,"Paratanytarsus","sp.",,"larva",2,,1,20,5,"N","N",,"condition OK","Y",,"Epler 2001","N","EcoAnalysts Inc.","W. Hoiland",,,"legacyData"
"d5261170-546c-4c41-b70a-4102f0287820","D05","CRAM","CRAM.AOS.riparian.point.07","2016-09-22T15:41Z","2017-04-03","CRAM.20160922.ROOTEDSWEEP.7",,,"PSESP19","Y","Psectrocladius sp.",,"genus","Arthropoda","Hexapoda","Insecta","Pterygota","Neoptera","Holometabola","Diptera","Nematocera","Culicomorpha",,"Chironomidae","Orthocladiinae",,,"Psectrocladius","sp.",,"larva",2,,2,34,6,"Y","N",,"condition OK","Y",,"Epler 2001","N","EcoAnalysts Inc.","W. Hoiland",,,"legacyData"
"aabf0e0c-c267-4d5b-838e-be2fad229483","D05","CRAM","CRAM.AOS.riparian.point.01","2016-09-22T15:41Z","2017-03-17","CRAM.20160922.ROOTEDSWEEP.1",,"CRAM.20160922.ROOTEDSWEEP.1_OLIGOCHAETE_1/1","CHADIA","Y","Chaetogaster diaphanus",,"species","Annelida","Clitellata","Oligochaeta","Oligochaeta",,,"Tubificida",,,,"Naididae","Naidinae",,,"Chaetogaster","diaphanus",,"none",2,,1,36,3,"N","N",,"condition OK","Y",,"Kathman and Brinkhurst 1998","N","EcoAnalysts Inc.","L. Flaherty",,,"legacyData"
"994b109a-967c-4f67-b9e6-d07168ddac5a","D05","CRAM","CRAM.AOS.riparian.point.05","2016-09-22T15:41Z","2017-04-11","CRAM.20160922.ROOTEDSWEEP.5",,,"BEZSP1","Y","Bezzia/Palpomyia sp.",,"speciesGroup","Arthropoda","Hexapoda","Insecta","Pterygota","Neoptera","Holometabola","Diptera","Nematocera","Culicomorpha",,"Ceratopogonidae","Ceratopogoninae","Palpomyiini",,"Bezzia/Palpomyia","sp.",,"larva",1,,1,37,3,"N","N",,"condition OK","Y",,"Merritt et al. 2008","N","EcoAnalysts Inc.","B. Sloniker","Fragment; Measurement is of fragment only",,"legacyData"
"884628ac-7bd2-491d-a442-f93e5030d925","D05","CRAM","CRAM.AOS.riparian.point.09","2016-09-22T15:41Z","2017-04-11","CRAM.20160922.ROOTEDSWEEP.9",,,"BEZSP1","Y","Bezzia/Palpomyia sp.",,"speciesGroup","Arthropoda","Hexapoda","Insecta","Pterygota","Neoptera","Holometabola","Diptera","Nematocera","Culicomorpha",,"Ceratopogonidae","Ceratopogoninae","Palpomyiini",,"Bezzia/Palpomyia","sp.",,"larva",4,"4b",1,75,1,"N","N",,"damaged, affecting measurement","Y",,"Merritt et al. 2008","N","EcoAnalysts Inc.","B. Sloniker","Fragment; Measurement is of fragment only",,"legacyData"
"b2fca94e-4033-4824-a33d-2ddb13ebdf33","D05","CRAM","CRAM.AOS.littoral1","2016-09-22T15:41Z","2017-03-27","CRAM.20160922.PONAR.2",,,"TANSP11","Y","Tanytarsus sp.",,"genus","Arthropoda","Hexapoda","Insecta","Pterygota","Neoptera","Holometabola","Diptera","Nematocera","Culicomorpha",,"Chironomidae","Chironominae","Tanytarsini",,"Tanytarsus","sp.",,"larva",1,,2,20,10,"N","N",,"condition OK","Y",,"Epler 2001","N","EcoAnalysts Inc.","W. Hoiland",,,"legacyData"
"e604f639-cd31-4f1f-901e-680fb008f59f","D05","CRAM","CRAM.AOS.riparian.point.05","2016-09-22T15:41Z","2017-03-31","CRAM.20160922.ROOTEDSWEEP.5",,,"POLTRI2","Y","Polypedilum tritum",,"species","Arthropoda","Hexapoda","Insecta","Pterygota","Neoptera","Holometabola","Diptera","Nematocera","Culicomorpha",,"Chironomidae","Chironominae","Chironomini",,"Polypedilum","tritum",,"larva",1,,7,37,19,"N","N",,"condition OK","Y",,"Epler 2001, and Maschwitz and Cook 2000","N","EcoAnalysts Inc.","W. Hoiland",,,"legacyData"
"98016a2d-b52c-4299-9547-7fdfa696d0a9","D05","CRAM","CRAM.AOS.riparian.point.03","2016-09-22T15:41Z","2017-03-31","CRAM.20160922.ROOTEDSWEEP.3",,,"POLTRI2","Y","Polypedilum tritum",,"species","Arthropoda","Hexapoda","Insecta","Pterygota","Neoptera","Holometabola","Diptera","Nematocera","Culicomorpha",,"Chironomidae","Chironominae","Chironomini",,"Polypedilum","tritum",,"larva",1,,4,53,8,"N","N",,"condition OK","Y",,"Epler 2001, and Maschwitz and Cook 2000","N","EcoAnalysts Inc.","W. Hoiland",,,"legacyData"
"b1d711c5-8e40-4f8c-bbc6-dd34e81ff1ee","D05","CRAM","CRAM.AOS.riparian.point.09","2016-09-22T15:41Z","2017-04-03","CRAM.20160922.ROOTEDSWEEP.9",,,"DICSP7","Y","Dicrotendipes sp.",,"genus","Arthropoda","Hexapoda","Insecta","Pterygota","Neoptera","Holometabola","Diptera","Nematocera","Culicomorpha",,"Chironomidae","Chironominae","Chironomini",,"Dicrotendipes","sp.",,"larva",2,,4,75,5,"Y","N",,"condition OK","N",,"Epler 1987, 1988, 2001","N","EcoAnalysts Inc.","W. Hoiland","Immature; Not Distinct",,"legacyData"
"d2220007-053e-493c-a235-9c8f8d568ebe","D05","CRAM","CRAM.AOS.riparian.point.09","2016-09-22T15:41Z","2017-04-03","CRAM.20160922.ROOTEDSWEEP.9",,,"CORSP19","Y","Corynoneura sp.",,"genus","Arthropoda","Hexapoda","Insecta","Pterygota","Neoptera","Holometabola","Diptera","Nematocera","Culicomorpha",,"Chironomidae","Orthocladiinae",,,"Corynoneura","sp.",,"larva",1,,1,75,1,"Y","N",,"condition OK","Y",,"Epler 2001","N","EcoAnalysts Inc.","W. Hoiland",,,"legacyData"
"57d92aa5-aae5-40c0-87ad-dc903a4a3123","D05","CRAM","CRAM.AOS.littoral1","2016-09-22T15:41Z","2017-03-27","CRAM.20160922.PONAR.2",,,"LABSP","Y","Labrundinia sp.",,"genus","Arthropoda","Hexapoda","Insecta","Pterygota","Neoptera","Holometabola","Diptera","Nematocera","Culicomorpha",,"Chironomidae","Tanypodinae","Pentaneurini",,"Labrundinia","sp.",,"larva",1,,1,20,5,"N","N",,"condition OK","Y",,"Epler 2001","N","EcoAnalysts Inc.","W. Hoiland","Fragment; Measurement is of fragment only",,"legacyData"
"3ee7fd16-bec5-4b14-a04a-050b88016b3c","D05","CRAM","CRAM.AOS.riparian.point.01","2016-09-22T15:41Z","2017-04-11","CRAM.20160922.ROOTEDSWEEP.1",,,"CRASP6","Y","Crangonyx sp.",,"genus","Arthropoda","Crustacea","Malacostraca","Eumalacostraca",,"Peracarida","Amphipoda","Gammaridea",,,"Crangonyctidae",,,,"Crangonyx","sp.",,"larva",5,,1,36,3,"N","N",,"condition OK","Y",,"Thorp and Covich 2001","N","EcoAnalysts Inc.","B. Sloniker","1of this taxon from this sample in Ref. Coll.",,"legacyData"
"9e0b2fc3-fde6-43ee-8964-8f6fbe817133","D05","CRAM","CRAM.AOS.riparian.point.03","2016-09-22T15:41Z","2017-03-31","CRAM.20160922.ROOTEDSWEEP.3",,"CRAM.20160922.ROOTEDSWEEP.3.DICROTENDIPES SP.","DICSP7","Y","Dicrotendipes sp.",,"genus","Arthropoda","Hexapoda","Insecta","Pterygota","Neoptera","Holometabola","Diptera","Nematocera","Culicomorpha",,"Chironomidae","Chironominae","Chironomini",,"Dicrotendipes","sp.",,"larva",3,,3,53,6,"N","N",,"condition OK","Y",,"Epler 1987, 1988, 2001","N","EcoAnalysts Inc.","W. Hoiland","Immature; Not Distinct",,"legacyData"
"72a59975-688f-40c9-93c4-f43d77e99791","D05","CRAM","CRAM.AOS.littoral1","2016-09-22T15:41Z","2017-04-10","CRAM.20160922.PONAR.2",,,"PISSP4","Y","Pisidium sp.",,"genus","Mollusca",,"Bivalvia","Heterodonta",,,"Veneroida",,,"Corbiculoidea","Pisidiidae",,,,"Pisidium","sp.",,"none",2,,1,20,5,"N","N",,"condition OK","Y",,"Thorp and Covich 2001","N","EcoAnalysts Inc.","B. Sloniker","Immature",,"legacyData"
"6d9aa8c6-080e-49d9-a21f-b8030b5184c0","D05","CRAM","CRAM.AOS.littoral2","2016-09-22T15:41Z","2017-03-27","CRAM.20160922.PONAR.1",,"CRAM.20160922.PONAR.1.POLYPEDILUM TRITUM","POLTRI2","Y","Polypedilum tritum",,"species","Arthropoda","Hexapoda","Insecta","Pterygota","Neoptera","Holometabola","Diptera","Nematocera","Culicomorpha",,"Chironomidae","Chironominae","Chironomini",,"Polypedilum","tritum",,"larva",2,,3,42,7,"Y","N",,"condition OK","Y",,"Epler 2001, and Maschwitz and Cook 2000","Y","EcoAnalysts Inc.","W. Hoiland","3of this taxon from this sample in Ref. Coll.",,"legacyData"
"5ba5a39f-a3c6-4b60-a3cb-296930cc809e","D05","CRAM","CRAM.AOS.riparian.point.01","2016-09-22T15:41Z","2017-04-10","CRAM.20160922.ROOTEDSWEEP.1",,,"OXYSP","Y","Oxyethira sp.",,"genus","Arthropoda","Hexapoda","Insecta","Pterygota","Neoptera","Holometabola","Trichoptera",,,"Hydroptiloidea","Hydroptilidae","Hydroptilinae","Hydroptilini",,"Oxyethira","sp.",,"larva",1,,1,36,3,"N","N",,"condition OK","Y",,"Wiggins 1996","N","EcoAnalysts Inc.","B. Sloniker",,,"legacyData"
"18ce9032-cfb8-4e48-8034-74a84f3b65a0","D05","CRAM","CRAM.AOS.riparian.point.05","2016-09-22T15:41Z","2017-03-31","CRAM.20160922.ROOTEDSWEEP.5",,,"GLYSP3","Y","Glyptotendipes sp.",,"genus","Arthropoda","Hexapoda","Insecta","Pterygota","Neoptera","Holometabola","Diptera","Nematocera","Culicomorpha",,"Chironomidae","Chironominae","Chironomini",,"Glyptotendipes","sp.",,"larva",6,,1,37,3,"N","N",,"condition OK","Y",,"Epler 2001","N","EcoAnalysts Inc.","W. Hoiland",,,"legacyData"
"6fe24b3f-b545-4a0e-8a53-f2d15c55f886","D05","CRAM","CRAM.AOS.littoral2","2016-09-22T15:41Z","2017-04-10","CRAM.20160922.PONAR.1",,,"OXYSP","Y","Oxyethira sp.",,"genus","Arthropoda","Hexapoda","Insecta","Pterygota","Neoptera","Holometabola","Trichoptera",,,"Hydroptiloidea","Hydroptilidae","Hydroptilinae","Hydroptilini",,"Oxyethira","sp.",,"larva",2,,1,42,2,"N","N",,"condition OK","Y",,"Wiggins 1996","Y","EcoAnalysts Inc.","B. Sloniker",,,"legacyData"
"2e6ca3a4-8bc7-44a8-acd2-1df274a6afa8","D05","CRAM","CRAM.AOS.littoral2","2016-09-22T15:41Z","2017-04-10","CRAM.20160922.PONAR.1",,,"NEMSP","Y","Nematoda sp.",,"phylum","Nematoda",,,,,,,,,,,,,,,"sp.",,"none",2,,9,42,22,"N","N",,"condition OK","Y",,"Thorp and Covich 2001","Y","EcoAnalysts Inc.","B. Sloniker",,,"legacyData"
"2e7f0218-555e-45b9-a8fa-32b0786cdb46","D05","CRAM","CRAM.AOS.littoral2","2016-09-22T15:41Z","2017-03-24","CRAM.20160922.PONAR.1",,"CRAM.20160922.PONAR.1.PARAKIEFFERIELLA SP.","PARSP25","Y","Parakiefferiella sp.",,"genus","Arthropoda","Hexapoda","Insecta","Pterygota","Neoptera","Holometabola","Diptera","Nematocera","Culicomorpha",,"Chironomidae","Orthocladiinae",,,"Parakiefferiella","sp.",,"larva",2,,29,42,70,"N","N",,"condition OK","Y",,"Epler 2001","Y","EcoAnalysts Inc.","W. Hoiland","3of this taxon from this sample in Ref. Coll.",,"legacyData"
"779d91de-92d0-4c91-b1e4-001bc70a2e57","D05","CRAM","CRAM.AOS.riparian.point.03","2016-09-22T15:41Z","2017-03-31","CRAM.20160922.ROOTEDSWEEP.3",,,"TANSP11","Y","Tanytarsus sp.",,"genus","Arthropoda","Hexapoda","Insecta","Pterygota","Neoptera","Holometabola","Diptera","Nematocera","Culicomorpha",,"Chironomidae","Chironominae","Tanytarsini",,"Tanytarsus","sp.",,"larva",4,,1,53,2,"N","N",,"condition OK","Y",,"Epler 2001","N","EcoAnalysts Inc.","W. Hoiland",,,"legacyData"
"f70a4560-cb5a-4572-ac72-caacfab613db","D05","CRAM","CRAM.AOS.riparian.point.03","2016-09-22T15:41Z","2017-03-31","CRAM.20160922.ROOTEDSWEEP.3",,,"GLYSP3","Y","Glyptotendipes sp.",,"genus","Arthropoda","Hexapoda","Insecta","Pterygota","Neoptera","Holometabola","Diptera","Nematocera","Culicomorpha",,"Chironomidae","Chironominae","Chironomini",,"Glyptotendipes","sp.",,"larva",2,,1,53,2,"N","N",,"condition OK","Y",,"Epler 2001","N","EcoAnalysts Inc.","W. Hoiland","Fragment; Measurement is of fragment only",,"legacyData"
"a8310d92-8963-470f-a1a4-6b4fefeab88c","D05","CRAM","CRAM.AOS.buoy.c0","2016-09-22T15:41Z","2017-03-29","CRAM.20160922.PONAR.3",,,"PARSP25","Y","Parakiefferiella sp.",,"genus","Arthropoda","Hexapoda","Insecta","Pterygota","Neoptera","Holometabola","Diptera","Nematocera","Culicomorpha",,"Chironomidae","Orthocladiinae",,,"Parakiefferiella","sp.",,"larva",1,,1,100,1,"Y","N",,"condition OK","Y",,"Epler 2001","N","EcoAnalysts Inc.","W. Hoiland",,,"legacyData"
"a6fc7c3f-d13b-4f22-9b2a-c1afb79e7869","D05","CRAM","CRAM.AOS.riparian.point.03","2016-09-22T15:41Z","2017-03-31","CRAM.20160922.ROOTEDSWEEP.3",,,"POLTRI2","Y","Polypedilum tritum",,"species","Arthropoda","Hexapoda","Insecta","Pterygota","Neoptera","Holometabola","Diptera","Nematocera","Culicomorpha",,"Chironomidae","Chironominae","Chironomini",,"Polypedilum","tritum",,"larva",2,,19,53,36,"N","N",,"condition OK","Y",,"Epler 2001, and Maschwitz and Cook 2000","N","EcoAnalysts Inc.","W. Hoiland",,,"legacyData"
"520630b4-3b5f-4274-ad22-e76ad1e64d1e","D05","CRAM","CRAM.AOS.riparian.point.05","2016-09-22T15:41Z","2017-03-31","CRAM.20160922.ROOTEDSWEEP.5",,,"DICSP7","Y","Dicrotendipes sp.",,"genus","Arthropoda","Hexapoda","Insecta","Pterygota","Neoptera","Holometabola","Diptera","Nematocera","Culicomorpha",,"Chironomidae","Chironominae","Chironomini",,"Dicrotendipes","sp.",,"larva",2,,10,37,27,"N","N",,"condition OK","Y",,"Epler 1987, 1988, 2001","N","EcoAnalysts Inc.","W. Hoiland",,,"legacyData"
"f27575fb-ab70-41ad-b4e8-ae0e3401a5a0","D05","CRAM","CRAM.AOS.riparian.point.05","2016-09-22T15:41Z","2017-03-31","CRAM.20160922.ROOTEDSWEEP.5",,,"ENDSP","Y","Endochironomus sp.",,"genus","Arthropoda","Hexapoda","Insecta","Pterygota","Neoptera","Holometabola","Diptera","Nematocera","Culicomorpha",,"Chironomidae","Chironominae","Chironomini",,"Endochironomus","sp.",,"larva",2,,2,37,5,"N","N",,"condition OK","Y",,"Epler 2001","N","EcoAnalysts Inc.","W. Hoiland",,,"legacyData"
"a76b83e1-50f8-421d-9827-e3d914aad42d","D05","CRAM","CRAM.AOS.littoral2","2016-09-22T15:41Z","2017-03-24","CRAM.20160922.PONAR.1",,"CRAM.20160922.PONAR.1.DICROTENDIPES SP.","DICSP7","Y","Dicrotendipes sp.",,"genus","Arthropoda","Hexapoda","Insecta","Pterygota","Neoptera","Holometabola","Diptera","Nematocera","Culicomorpha",,"Chironomidae","Chironominae","Chironomini",,"Dicrotendipes","sp.",,"larva",2,,3,42,7,"N","N",,"condition OK","Y",,"Epler 1987, 1988, 2001","Y","EcoAnalysts Inc.","W. Hoiland","4of this taxon from this sample in Ref. Coll.",,"legacyData"
"64c057f3-149e-4bb1-aac6-4c5fe9c218a3","D05","CRAM","CRAM.AOS.riparian.point.03","2016-09-22T15:41Z","2017-03-31","CRAM.20160922.ROOTEDSWEEP.3",,,"ABLSP","Y","Ablabesmyia sp.","Ablabesmyia (Karelia) sp.","genus","Arthropoda","Hexapoda","Insecta","Pterygota","Neoptera","Holometabola","Diptera","Nematocera","Culicomorpha",,"Chironomidae","Tanypodinae","Pentaneurini",,"Ablabesmyia","sp.",,"larva",2,,22,53,41,"N","N",,"condition OK","Y",,"Epler 2001","N","EcoAnalysts Inc.","W. Hoiland",,,"legacyData"
"0b857e5b-3cf9-477c-8cf3-2d606dcceeac","D05","CRAM","CRAM.AOS.riparian.point.09","2016-09-22T15:41Z","2017-04-03","CRAM.20160922.ROOTEDSWEEP.9",,,"CHISP6","Y","Chironomini sp.",,"tribe","Arthropoda","Hexapoda","Insecta","Pterygota","Neoptera","Holometabola","Diptera","Nematocera","Culicomorpha",,"Chironomidae","Chironominae","Chironomini",,,"sp.",,"larva",1,,3,75,4,"N","N",,"condition OK","Y",,"Epler 2001","N","EcoAnalysts Inc.","W. Hoiland","Immature; Not Distinct",,"legacyData"
"49d24014-1488-4ffc-b007-abe55943f136","D05","CRAM","CRAM.AOS.littoral1","2016-09-22T15:41Z","2017-03-27","CRAM.20160922.PONAR.2",,,"NILSP1","Y","Nilothauma sp.",,"genus","Arthropoda","Hexapoda","Insecta","Pterygota","Neoptera","Holometabola","Diptera","Nematocera","Culicomorpha",,"Chironomidae","Chironominae","Chironomini",,"Nilothauma","sp.",,"larva",1,,1,20,5,"N","N",,"condition OK","Y",,"Epler 2001","N","EcoAnalysts Inc.","W. Hoiland",,,"legacyData"
"a0afcf01-deb4-4721-a1ba-17f7935a5226","D05","CRAM","CRAM.AOS.riparian.point.07","2016-09-22T15:41Z","2017-04-03","CRAM.20160922.ROOTEDSWEEP.7",,,"CLASP6","Y","Cladotanytarsus sp.",,"genus","Arthropoda","Hexapoda","Insecta","Pterygota","Neoptera","Holometabola","Diptera","Nematocera","Culicomorpha",,"Chironomidae","Chironominae","Tanytarsini",,"Cladotanytarsus","sp.",,"larva",2,,1,34,3,"N","N",,"condition OK","Y",,"Epler 2001","N","EcoAnalysts Inc.","W. Hoiland",,,"legacyData"
"7224e831-4281-42e9-866a-9ff3d559168a","D05","CRAM","CRAM.AOS.riparian.point.03","2016-09-22T15:41Z","2017-03-31","CRAM.20160922.ROOTEDSWEEP.3",,,"THIGRO","Y","Thienemannimyia gr.",,"speciesGroup","Arthropoda","Hexapoda","Insecta","Pterygota","Neoptera","Holometabola","Diptera","Nematocera","Culicomorpha",,"Chironomidae","Tanypodinae","Pentaneurini",,"Thienemannimyia","gr.",,"larva",4,,1,53,2,"N","N",,"condition OK","Y",,"Epler 2001","N","EcoAnalysts Inc.","W. Hoiland",,,"legacyData"
"c5b2ec76-ac5b-4b09-ae99-41746aaca3d1","D05","CRAM","CRAM.AOS.riparian.point.05","2016-09-22T15:41Z","2017-03-31","CRAM.20160922.ROOTEDSWEEP.5",,,"ENDSP","Y","Endochironomus sp.",,"genus","Arthropoda","Hexapoda","Insecta","Pterygota","Neoptera","Holometabola","Diptera","Nematocera","Culicomorpha",,"Chironomidae","Chironominae","Chironomini",,"Endochironomus","sp.",,"larva",4,,1,37,3,"N","N",,"condition OK","Y",,"Epler 2001","N","EcoAnalysts Inc.","W. Hoiland",,,"legacyData"
"e8d6b2de-4f03-4500-a9fc-b8ec093864c8","D05","CRAM","CRAM.AOS.littoral2","2016-09-22T15:41Z","2017-04-10","CRAM.20160922.PONAR.1",,,"NEMSP","Y","Nematoda sp.",,"phylum","Nematoda",,,,,,,,,,,,,,,"sp.",,"none",1,,10,42,24,"N","N",,"condition OK","Y",,"Thorp and Covich 2001","Y","EcoAnalysts Inc.","B. Sloniker",,,"legacyData"
"972be96a-f6d3-45cc-b19b-7b796762a748","D05","CRAM","CRAM.AOS.riparian.point.09","2016-09-22T15:41Z","2017-04-03","CRAM.20160922.ROOTEDSWEEP.9",,,"DICSP7","Y","Dicrotendipes sp.",,"genus","Arthropoda","Hexapoda","Insecta","Pterygota","Neoptera","Holometabola","Diptera","Nematocera","Culicomorpha",,"Chironomidae","Chironominae","Chironomini",,"Dicrotendipes","sp.",,"larva",3,,3,75,4,"N","N",,"condition OK","Y",,"Epler 1987, 1988, 2001","N","EcoAnalysts Inc.","W. Hoiland","Immature; Not Distinct",,"legacyData"
"aa829bda-580b-4dfc-bdee-1fc1136d5f77","D05","CRAM","CRAM.AOS.buoy.c0","2016-09-22T15:41Z","2017-03-29","CRAM.20160922.PONAR.3",,,"CLASP6","Y","Cladotanytarsus sp.",,"genus","Arthropoda","Hexapoda","Insecta","Pterygota","Neoptera","Holometabola","Diptera","Nematocera","Culicomorpha",,"Chironomidae","Chironominae","Tanytarsini",,"Cladotanytarsus","sp.",,"larva",2,,1,100,1,"Y","N",,"condition OK","Y",,"Epler 2001","N","EcoAnalysts Inc.","W. Hoiland",,,"legacyData"
"efcbc856-3472-4b20-909c-461b4f4ec371","D05","CRAM","CRAM.AOS.riparian.point.01","2016-09-22T15:41Z","2017-03-30","CRAM.20160922.ROOTEDSWEEP.1",,,"CHISP8","Y","Chironomus sp.",,"genus","Arthropoda","Hexapoda","Insecta","Pterygota","Neoptera","Holometabola","Diptera","Nematocera","Culicomorpha",,"Chironomidae","Chironominae","Chironomini",,"Chironomus","sp.",,"larva",2,,8,36,22,"N","N",,"condition OK","Y",,"Epler 2001","N","EcoAnalysts Inc.","W. Hoiland",,,"legacyData"
"a1ecf8fe-9792-4407-85f8-ce47597de79d","D05","CRAM","CRAM.AOS.littoral1","2016-09-22T15:41Z","2017-03-27","CRAM.20160922.PONAR.2",,,"PROSP23","Y","Procladius sp.",,"genus","Arthropoda","Hexapoda","Insecta","Pterygota","Neoptera","Holometabola","Diptera","Nematocera","Culicomorpha",,"Chironomidae","Tanypodinae","Procladiini",,"Procladius","sp.",,"larva",4,,2,20,10,"N","N",,"condition OK","Y",,"Epler 2001","N","EcoAnalysts Inc.","W. Hoiland",,,"legacyData"
"2f1a9524-02f1-4506-8fef-91cfc5a4a9ba","D05","CRAM","CRAM.AOS.littoral1","2016-09-22T15:41Z","2017-03-27","CRAM.20160922.PONAR.2",,,"PSESP19","Y","Psectrocladius sp.",,"genus","Arthropoda","Hexapoda","Insecta","Pterygota","Neoptera","Holometabola","Diptera","Nematocera","Culicomorpha",,"Chironomidae","Orthocladiinae",,,"Psectrocladius","sp.",,"larva",5,,2,20,10,"N","N",,"condition OK","Y",,"Epler 2001","N","EcoAnalysts Inc.","W. Hoiland",,,"legacyData"
"acc64701-305a-45b9-825a-853ed137912d","D05","CRAM","CRAM.AOS.riparian.point.07","2016-09-22T15:41Z","2017-04-03","CRAM.20160922.ROOTEDSWEEP.7",,,"PSESP19","Y","Psectrocladius sp.",,"genus","Arthropoda","Hexapoda","Insecta","Pterygota","Neoptera","Holometabola","Diptera","Nematocera","Culicomorpha",,"Chironomidae","Orthocladiinae",,,"Psectrocladius","sp.",,"larva",2,,2,34,6,"Y","N",,"damaged, affecting analysis","N",,"Epler 2001","N","EcoAnalysts Inc.","W. Hoiland",,,"legacyData"
"2cb9979b-79ae-4c54-9530-4cbf73893aa2","D05","CRAM","CRAM.AOS.riparian.point.03","2016-09-22T15:41Z","2017-03-31","CRAM.20160922.ROOTEDSWEEP.3",,,"CORSP19","Y","Corynoneura sp.",,"genus","Arthropoda","Hexapoda","Insecta","Pterygota","Neoptera","Holometabola","Diptera","Nematocera","Culicomorpha",,"Chironomidae","Orthocladiinae",,,"Corynoneura","sp.",,"larva",2,,2,53,4,"N","N",,"condition OK","Y",,"Epler 2001","N","EcoAnalysts Inc.","W. Hoiland",,,"legacyData"
"ef978938-3154-4bad-b774-a90e7c608546","D05","CRAM","CRAM.AOS.riparian.point.07","2016-09-22T15:41Z","2017-04-03","CRAM.20160922.ROOTEDSWEEP.7",,,"TANSP11","Y","Tanytarsus sp.",,"genus","Arthropoda","Hexapoda","Insecta","Pterygota","Neoptera","Holometabola","Diptera","Nematocera","Culicomorpha",,"Chironomidae","Chironominae","Tanytarsini",,"Tanytarsus","sp.",,"larva",1,,4,34,12,"N","N",,"condition OK","Y",,"Epler 2001","N","EcoAnalysts Inc.","W. Hoiland",,,"legacyData"
"51ba4bfb-221b-43a8-bfb2-9fcfa83dab10","D05","CRAM","CRAM.AOS.riparian.point.07","2016-09-22T15:41Z","2017-04-03","CRAM.20160922.ROOTEDSWEEP.7",,,"ABLSP","Y","Ablabesmyia sp.",,"genus","Arthropoda","Hexapoda","Insecta","Pterygota","Neoptera","Holometabola","Diptera","Nematocera","Culicomorpha",,"Chironomidae","Tanypodinae","Pentaneurini",,"Ablabesmyia","sp.",,"larva",1,,11,34,32,"N","N",,"condition OK","Y",,"Roback 1985 and Epler 2001","N","EcoAnalysts Inc.","W. Hoiland",,,"legacyData"
"506b6a02-0ed4-4aa0-8afc-a036cff08272","D05","CRAM","CRAM.AOS.riparian.point.07","2016-09-22T15:41Z","2017-04-03","CRAM.20160922.ROOTEDSWEEP.7",,,"TANSP11","Y","Tanytarsus sp.",,"genus","Arthropoda","Hexapoda","Insecta","Pterygota","Neoptera","Holometabola","Diptera","Nematocera","Culicomorpha",,"Chironomidae","Chironominae","Tanytarsini",,"Tanytarsus","sp.",,"larva",3,,1,34,3,"N","N",,"condition OK","Y",,"Epler 2001","N","EcoAnalysts Inc.","W. Hoiland",,,"legacyData"
"db164f30-4ad7-40bb-b929-970d506d20f8","D05","CRAM","CRAM.AOS.riparian.point.07","2016-09-22T15:41Z","2017-03-17","CRAM.20160922.ROOTEDSWEEP.7",,"CRAM.20160922.ROOTEDSWEEP.7_OLIGOCHAETE_1/2|CRAM.20160922.ROOTEDSWEEP.7_OLIGOCHAETE_2/2","STYLAC","Y","Stylaria lacustris",,"species","Annelida","Clitellata","Oligochaeta","Oligochaeta",,,"Tubificida",,,,"Naididae","Naidinae",,,"Stylaria","lacustris",,"none",1,,1,34,3,"N","N",,"condition OK","Y",,"Kathman and Brinkhurst 1998","N","EcoAnalysts Inc.","L. Flaherty","Fragment; Measurement is of fragment only",,"legacyData"
"1afdd35c-a0fc-4cfe-8834-bb12ccee3916","D05","CRAM","CRAM.AOS.riparian.point.05","2016-09-22T15:41Z","2017-03-31","CRAM.20160922.ROOTEDSWEEP.5",,,"PARSP34","Y","Paratanytarsus sp.",,"genus","Arthropoda","Hexapoda","Insecta","Pterygota","Neoptera","Holometabola","Diptera","Nematocera","Culicomorpha",,"Chironomidae","Chironominae","Tanytarsini",,"Paratanytarsus","sp.",,"larva",2,,6,37,16,"N","N",,"condition OK","Y",,"Epler 2001","N","EcoAnalysts Inc.","W. Hoiland",,,"legacyData"
"4bcd880c-7748-473a-bbb7-36da472f15b0","D05","CRAM","CRAM.AOS.littoral1","2016-09-22T15:41Z","2017-03-27","CRAM.20160922.PONAR.2",,"CRAM.20160922.PONAR.2.STEMPELLINELLA SP.","STESP10","Y","Stempellinella sp.",,"genus","Arthropoda","Hexapoda","Insecta","Pterygota","Neoptera","Holometabola","Diptera","Nematocera","Culicomorpha",,"Chironomidae","Chironominae","Tanytarsini",,"Stempellinella","sp.",,"larva",1,,2,20,10,"N","N",,"condition OK","Y",,"Epler 2001","N","EcoAnalysts Inc.","W. Hoiland","2of this taxon from this sample in Ref. Coll.",,"legacyData"
"35fbc346-a53f-44f6-bd38-6a8c1923ae47","D05","CRAM","CRAM.AOS.littoral1","2016-09-22T15:41Z","2017-04-10","CRAM.20160922.PONAR.2",,,"CAESP5","Y","Caenis sp.",,"genus","Arthropoda","Hexapoda","Insecta","Pterygota","Palaeoptera",,"Ephemeroptera","Furcatergalia","Pannota","Caenoidea","Caenidae","Caeninae",,,"Caenis","sp.",,"larva",1,,2,20,10,"N","N",,"condition OK","Y",,"Merritt et al. 2008","N","EcoAnalysts Inc.","B. Sloniker","Immature",,"legacyData"
"dfffebfe-f21e-4418-ad94-50306359fcf2","D05","CRAM","CRAM.AOS.littoral2","2016-09-22T15:41Z","2017-04-10","CRAM.20160922.PONAR.1",,,"CERSP10","Y","Ceratopogoninae sp.",,"subfamily","Arthropoda","Hexapoda","Insecta","Pterygota","Neoptera","Holometabola","Diptera","Nematocera","Culicomorpha",,"Ceratopogonidae","Ceratopogoninae",,,,"sp.",,"larva",2,,1,42,2,"N","N",,"condition OK","Y",,"Merritt et al. 2008","Y","EcoAnalysts Inc.","B. Sloniker","1of this taxon from this sample in Ref. Coll.; Indeterminate",,"legacyData"
"6a19b80c-b664-490a-bc06-200d3fddb616","D05","CRAM","CRAM.AOS.littoral2","2016-09-22T15:41Z","2017-03-27","CRAM.20160922.PONAR.1",,"CRAM.20160922.PONAR.1.MICROTENDIPES PEDELLUS GR.","MICPED","Y","Microtendipes pedellus gr.",,"speciesGroup","Arthropoda","Hexapoda","Insecta","Pterygota","Neoptera","Holometabola","Diptera","Nematocera","Culicomorpha",,"Chironomidae","Chironominae","Chironomini",,"Microtendipes","pedellus gr.",,"larva",2,"2b",1,42,2,"N","N",,"damaged, affecting measurement","Y",,"Epler 2001","Y","EcoAnalysts Inc.","W. Hoiland","3of this taxon from this sample in Ref. Coll.; Fragment; Measurement is of fragment only",,"legacyData"
"a3ed7cec-8e79-409e-b893-a66f778a5e80","D05","CRAM","CRAM.AOS.riparian.point.07","2016-09-22T15:41Z","2017-04-03","CRAM.20160922.ROOTEDSWEEP.7",,,"ENDSP","Y","Endochironomus sp.",,"genus","Arthropoda","Hexapoda","Insecta","Pterygota","Neoptera","Holometabola","Diptera","Nematocera","Culicomorpha",,"Chironomidae","Chironominae","Chironomini",,"Endochironomus","sp.",,"larva",1,,1,34,3,"N","N",,"condition OK","Y",,"Epler 2001","N","EcoAnalysts Inc.","W. Hoiland",,,"legacyData"
"6198068e-851e-4b22-aa2b-3c9cde3b7c05","D05","CRAM","CRAM.AOS.riparian.point.09","2016-09-22T15:41Z","2017-04-03","CRAM.20160922.ROOTEDSWEEP.9",,,"PARSP25","Y","Parakiefferiella sp.",,"genus","Arthropoda","Hexapoda","Insecta","Pterygota","Neoptera","Holometabola","Diptera","Nematocera","Culicomorpha",,"Chironomidae","Orthocladiinae",,,"Parakiefferiella","sp.",,"larva",2,,4,75,5,"N","N",,"condition OK","Y",,"Epler 2001","N","EcoAnalysts Inc.","W. Hoiland",,,"legacyData"
"d90427a1-1152-4a16-b152-724d4bf971f0","D05","CRAM","CRAM.AOS.littoral2","2016-09-22T15:41Z","2017-04-10","CRAM.20160922.PONAR.1",,,"NEMSP","Y","Nematoda sp.",,"phylum","Nematoda",,,,,,,,,,,,,,,"sp.",,"none",3,,1,42,2,"N","N",,"condition OK","Y",,"Thorp and Covich 2001","Y","EcoAnalysts Inc.","B. Sloniker",,,"legacyData"
"ae95b7ad-e4bd-457e-8cf8-7d7c94921122","D05","CRAM","CRAM.AOS.riparian.point.01","2016-09-22T15:41Z","2017-03-30","CRAM.20160922.ROOTEDSWEEP.1",,"CRAM.20160922.ROOTEDSWEEP.1.GLYPTOTENDIPES SP.","GLYSP3","Y","Glyptotendipes sp.",,"genus","Arthropoda","Hexapoda","Insecta","Pterygota","Neoptera","Holometabola","Diptera","Nematocera","Culicomorpha",,"Chironomidae","Chironominae","Chironomini",,"Glyptotendipes","sp.",,"larva",6,,1,36,3,"N","N",,"condition OK","Y",,"Epler 2001","N","EcoAnalysts Inc.","W. Hoiland","2of this taxon from this sample in Ref. Coll.; Fragment; Measurement is of fragment only",,"legacyData"
"a30dbfd7-82b8-48e8-b58d-b3040b903080","D05","CRAM","CRAM.AOS.riparian.point.09","2016-09-22T15:41Z","2017-04-11","CRAM.20160922.ROOTEDSWEEP.9",,,"ISOSP2","Y","Isotomidae sp.",,"family","Arthropoda","Hexapoda","Collembola",,,,"Collembola","Entomobryomorpha",,"Isotomoidea","Isotomidae",,,,,"sp.",,"larva",1,,1,75,1,"N","N",,"condition OK","Y",,"Triplehorn and Johnson 2005","N","EcoAnalysts Inc.","B. Sloniker",,,"legacyData"
"00bc77cc-63f7-445d-b563-da1451949103","D05","CRAM","CRAM.AOS.riparian.point.05","2016-09-22T15:41Z","2017-04-11","CRAM.20160922.ROOTEDSWEEP.5",,,"CAESP5","Y","Caenis sp.",,"genus","Arthropoda","Hexapoda","Insecta","Pterygota","Palaeoptera",,"Ephemeroptera","Furcatergalia","Pannota","Caenoidea","Caenidae","Caeninae",,,"Caenis","sp.",,"larva",2,,7,37,19,"N","N",,"condition OK","Y",,"Merritt et al. 2008","N","EcoAnalysts Inc.","B. Sloniker","Immature",,"legacyData"
"0872df0a-06fc-44fd-b6b0-9e19a911d535","D05","CRAM","CRAM.AOS.riparian.point.09","2016-09-22T15:41Z","2017-04-03","CRAM.20160922.ROOTEDSWEEP.9",,,"PSESP19","Y","Psectrocladius sp.",,"genus","Arthropoda","Hexapoda","Insecta","Pterygota","Neoptera","Holometabola","Diptera","Nematocera","Culicomorpha",,"Chironomidae","Orthocladiinae",,,"Psectrocladius","sp.",,"larva",2,,3,75,4,"N","N",,"condition OK","Y",,"Epler 2001","N","EcoAnalysts Inc.","W. Hoiland",,,"legacyData"
"b66d5bbf-9867-434e-ab7b-a3f6b967c092","D05","CRAM","CRAM.AOS.riparian.point.09","2016-09-22T15:41Z","2017-04-03","CRAM.20160922.ROOTEDSWEEP.9",,"CRAM.20160922.ROOTEDSWEEP.9.POLYPEDILUM ILLINOENSE GR.","POLILL","Y","Polypedilum illinoense gr.",,"speciesGroup","Arthropoda","Hexapoda","Insecta","Pterygota","Neoptera","Holometabola","Diptera","Nematocera","Culicomorpha",,"Chironomidae","Chironominae","Chironomini",,"Polypedilum","illinoense gr.",,"larva",2,,2,75,3,"N","N",,"condition OK","Y",,"Epler 2001, and Maschwitz and Cook 2000","N","EcoAnalysts Inc.","W. Hoiland","2of this taxon from this sample in Ref. Coll.",,"legacyData"
"34d6fa9e-56d6-4307-a716-56aaf89bad1e","D05","CRAM","CRAM.AOS.riparian.point.07","2016-09-22T15:41Z","2017-03-17","CRAM.20160922.ROOTEDSWEEP.7",,"CRAM.20160922.ROOTEDSWEEP.7_OLIGOCHAETE_1/2|CRAM.20160922.ROOTEDSWEEP.7_OLIGOCHAETE_2/2","NAISP1","Y","Nais sp.",,"genus","Annelida","Clitellata","Oligochaeta","Oligochaeta",,,"Tubificida",,,,"Naididae","Naidinae",,,"Nais","sp.",,"none",1,,3,34,9,"N","N",,"condition OK","Y",,"Kathman and Brinkhurst 1998","N","EcoAnalysts Inc.","L. Flaherty","Fragment; Measurement is of fragment only",,"legacyData"
"69f4fe2c-5d7e-442c-865d-c477964ca2be","D05","CRAM","CRAM.AOS.riparian.point.01","2016-09-22T15:41Z","2017-03-30","CRAM.20160922.ROOTEDSWEEP.1",,,"CLASP6","Y","Cladotanytarsus sp.",,"genus","Arthropoda","Hexapoda","Insecta","Pterygota","Neoptera","Holometabola","Diptera","Nematocera","Culicomorpha",,"Chironomidae","Chironominae","Tanytarsini",,"Cladotanytarsus","sp.",,"larva",1,,2,36,6,"N","N",,"condition OK","Y",,"Epler 2001","N","EcoAnalysts Inc.","W. Hoiland",,,"legacyData"
"88bf1d25-1de7-4e53-9033-1f1f4cea7e2d","D05","CRAM","CRAM.AOS.riparian.point.03","2016-09-22T15:41Z","2017-04-10","CRAM.20160922.ROOTEDSWEEP.3",,,"COESP","Y","Coenagrionidae sp.",,"family","Arthropoda","Hexapoda","Insecta","Pterygota","Palaeoptera",,"Odonata","Zygoptera",,,"Coenagrionidae",,,,,"sp.",,"larva",4,,1,53,2,"N","N",,"condition OK","Y",,"Westfall and May 1996","N","EcoAnalysts Inc.","B. Sloniker","Immature; Indeterminate",,"legacyData"
"f579f15f-6521-47e6-9c68-c24b6e6aed41","D05","CRAM","CRAM.AOS.riparian.point.01","2016-09-22T15:41Z","2017-03-30","CRAM.20160922.ROOTEDSWEEP.1",,"CRAM.20160922.ROOTEDSWEEP.1.GLYPTOTENDIPES SP.","GLYSP3","Y","Glyptotendipes sp.",,"genus","Arthropoda","Hexapoda","Insecta","Pterygota","Neoptera","Holometabola","Diptera","Nematocera","Culicomorpha",,"Chironomidae","Chironominae","Chironomini",,"Glyptotendipes","sp.",,"larva",3,,4,36,11,"N","N",,"condition OK","Y",,"Epler 2001","N","EcoAnalysts Inc.","W. Hoiland","2of this taxon from this sample in Ref. Coll.; Fragment; Measurement is of fragment only",,"legacyData"
"8772a1c0-2486-4898-8f3c-795b28416e14","D05","CRAM","CRAM.AOS.riparian.point.03","2016-09-22T15:41Z","2017-03-17","CRAM.20160922.ROOTEDSWEEP.3",,"CRAM.20160922.ROOTEDSWEEP.3_OLIGOCHAETE_1/1","NAISP1","Y","Nais sp.",,"genus","Annelida","Clitellata","Oligochaeta","Oligochaeta",,,"Tubificida",,,,"Naididae","Naidinae",,,"Nais","sp.",,"none",1,,3,53,6,"N","N",,"condition OK","Y",,"Kathman and Brinkhurst 1998","N","EcoAnalysts Inc.","L. Flaherty","Fragment; Measurement is of fragment only",,"legacyData"
"0fb2807d-287d-4308-b8f3-2cfa2686f42d","D05","CRAM","CRAM.AOS.littoral2","2016-09-22T15:41Z","2017-03-27","CRAM.20160922.PONAR.1",,"CRAM.20160922.PONAR.1.POLYPEDILUM TRITUM","POLTRI2","Y","Polypedilum tritum",,"species","Arthropoda","Hexapoda","Insecta","Pterygota","Neoptera","Holometabola","Diptera","Nematocera","Culicomorpha",,"Chironomidae","Chironominae","Chironomini",,"Polypedilum","tritum",,"larva",2,,3,42,7,"Y","N",,"condition OK","N",,"Epler 2001, and Maschwitz and Cook 2000","Y","EcoAnalysts Inc.","W. Hoiland","3of this taxon from this sample in Ref. Coll.",,"legacyData"
"8e24ae5f-cfa1-4281-a112-69121be2f1c2","D05","CRAM","CRAM.AOS.riparian.point.03","2016-09-22T15:41Z","2017-03-31","CRAM.20160922.ROOTEDSWEEP.3",,,"STESP10","Y","Stempellinella sp.",,"genus","Arthropoda","Hexapoda","Insecta","Pterygota","Neoptera","Holometabola","Diptera","Nematocera","Culicomorpha",,"Chironomidae","Chironominae","Tanytarsini",,"Stempellinella","sp.",,"larva",1,,1,53,2,"N","N",,"condition OK","Y",,"Epler 2001","N","EcoAnalysts Inc.","W. Hoiland",,,"legacyData"
"a9e48fff-9ca1-4c68-b731-64f367834f5b","D05","CRAM","CRAM.AOS.riparian.point.01","2016-09-22T15:41Z","2017-03-30","CRAM.20160922.ROOTEDSWEEP.1",,"CRAM.20160922.ROOTEDSWEEP.1.NANOCLADIUS SP.","NANSP1","Y","Nanocladius sp.",,"genus","Arthropoda","Hexapoda","Insecta","Pterygota","Neoptera","Holometabola","Diptera","Nematocera","Culicomorpha",,"Chironomidae","Orthocladiinae",,,"Nanocladius","sp.",,"larva",1,,1,36,3,"N","N",,"condition OK","Y",,"Epler 2001","N","EcoAnalysts Inc.","W. Hoiland","1of this taxon from this sample in Ref. Coll.",,"legacyData"
"b27430f4-02ce-4b4c-a499-73863e9cf9b3","D05","CRAM","CRAM.AOS.riparian.point.05","2016-09-22T15:41Z","2017-04-11","CRAM.20160922.ROOTEDSWEEP.5",,,"CAESP5","Y","Caenis sp.",,"genus","Arthropoda","Hexapoda","Insecta","Pterygota","Palaeoptera",,"Ephemeroptera","Furcatergalia","Pannota","Caenoidea","Caenidae","Caeninae",,,"Caenis","sp.",,"larva",1,,1,37,3,"N","N",,"condition OK","Y",,"Merritt et al. 2008","N","EcoAnalysts Inc.","B. Sloniker","Immature",,"legacyData"
"82d28029-3542-4f1b-87ef-537ba445e41b","D05","CRAM","CRAM.AOS.riparian.point.09","2016-09-22T15:41Z","2017-04-03","CRAM.20160922.ROOTEDSWEEP.9",,,"NANSP1","Y","Nanocladius sp.",,"genus","Arthropoda","Hexapoda","Insecta","Pterygota","Neoptera","Holometabola","Diptera","Nematocera","Culicomorpha",,"Chironomidae","Orthocladiinae",,,"Nanocladius","sp.",,"larva",2,,1,75,1,"Y","N",,"condition OK","Y",,"Epler 2001","N","EcoAnalysts Inc.","W. Hoiland",,,"legacyData"
"6ab062bd-d14e-4d4f-b025-694d21f974e0","D05","CRAM","CRAM.AOS.littoral1","2016-09-22T15:41Z","2017-03-17","CRAM.20160922.PONAR.2",,"CRAM.20160922.PONAR.2_OLIGOCHAETE_1/1","STYLAC","Y","Stylaria lacustris",,"species","Annelida","Clitellata","Oligochaeta","Oligochaeta",,,"Tubificida",,,,"Naididae","Naidinae",,,"Stylaria","lacustris",,"none",3,,1,20,5,"N","N",,"condition OK","Y",,"Kathman and Brinkhurst 1998","N","EcoAnalysts Inc.","L. Flaherty","Fragment; Measurement is of fragment only",,"legacyData"
"c61465f8-23ff-4418-a0d2-09e129cbd79e","D05","CRAM","CRAM.AOS.riparian.point.05","2016-09-22T15:41Z","2017-03-31","CRAM.20160922.ROOTEDSWEEP.5",,,"PARSP25","Y","Parakiefferiella sp.",,"genus","Arthropoda","Hexapoda","Insecta","Pterygota","Neoptera","Holometabola","Diptera","Nematocera","Culicomorpha",,"Chironomidae","Orthocladiinae",,,"Parakiefferiella","sp.",,"larva",2,,1,37,3,"Y","N",,"condition OK","N",,"Epler 2001","N","EcoAnalysts Inc.","W. Hoiland",,,"legacyData"
"044a41b3-ff92-4cc5-9da3-05a0f3431ed7","D05","CRAM","CRAM.AOS.riparian.point.09","2016-09-22T15:41Z","2017-04-03","CRAM.20160922.ROOTEDSWEEP.9",,,"TANSP11","Y","Tanytarsus sp.",,"genus","Arthropoda","Hexapoda","Insecta","Pterygota","Neoptera","Holometabola","Diptera","Nematocera","Culicomorpha",,"Chironomidae","Chironominae","Tanytarsini",,"Tanytarsus","sp.",,"larva",1,,1,75,1,"Y","N",,"condition OK","N",,"Epler 2001","N","EcoAnalysts Inc.","W. Hoiland","Fragment; Measurement is of fragment only",,"legacyData"
"7a817387-aa84-4333-9789-4c5ff4649383","D05","CRAM","CRAM.AOS.littoral1","2016-09-22T15:41Z","2017-03-27","CRAM.20160922.PONAR.2",,"CRAM.20160922.PONAR.2.CRYPTOCHIRONOMUS SP.","CRYSP2","Y","Cryptochironomus sp.",,"genus","Arthropoda","Hexapoda","Insecta","Pterygota","Neoptera","Holometabola","Diptera","Nematocera","Culicomorpha",,"Chironomidae","Chironominae","Chironomini",,"Cryptochironomus","sp.",,"larva",4,,1,20,5,"N","N",,"condition OK","Y",,"Epler 2001","N","EcoAnalysts Inc.","W. Hoiland","3of this taxon from this sample in Ref. Coll.",,"legacyData"
"48f8ff0c-ea35-4c23-935c-a99a1e03e4ea","D05","CRAM","CRAM.AOS.littoral2","2016-09-22T15:41Z","2017-03-27","CRAM.20160922.PONAR.1",,"CRAM.20160922.PONAR.1.LAUTERBORNIELLA AGRAYLOIDES","LAUAGR","Y","Lauterborniella agrayloides",,"species","Arthropoda","Hexapoda","Insecta","Pterygota","Neoptera","Holometabola","Diptera","Nematocera","Culicomorpha",,"Chironomidae","Chironominae","Chironomini",,"Lauterborniella","agrayloides",,"larva",1,,5,42,12,"N","N",,"condition OK","Y",,"Epler 2001","Y","EcoAnalysts Inc.","W. Hoiland","3of this taxon from this sample in Ref. Coll.",,"legacyData"
"dbe086bb-be8e-4a31-91b1-7d7e8d6470f5","D05","CRAM","CRAM.AOS.riparian.point.03","2016-09-22T15:41Z","2017-03-31","CRAM.20160922.ROOTEDSWEEP.3",,,"PARSP34","Y","Paratanytarsus sp.",,"genus","Arthropoda","Hexapoda","Insecta","Pterygota","Neoptera","Holometabola","Diptera","Nematocera","Culicomorpha",,"Chironomidae","Chironominae","Tanytarsini",,"Paratanytarsus","sp.",,"larva",1,,61,53,115,"N","N",,"condition OK","Y",,"Epler 2001","N","EcoAnalysts Inc.","W. Hoiland",,,"legacyData"
"d9e3b740-9283-46b6-8715-8a088bb31549","D05","CRAM","CRAM.AOS.riparian.point.07","2016-09-22T15:41Z","2017-04-03","CRAM.20160922.ROOTEDSWEEP.7",,,"PSESP19","Y","Psectrocladius sp.",,"genus","Arthropoda","Hexapoda","Insecta","Pterygota","Neoptera","Holometabola","Diptera","Nematocera","Culicomorpha",,"Chironomidae","Orthocladiinae",,,"Psectrocladius","sp.",,"larva",1,,3,34,9,"N","N",,"condition OK","Y",,"Epler 2001","N","EcoAnalysts Inc.","W. Hoiland",,,"legacyData"
"113d4724-fd2f-4700-ab8c-a11441753411","D05","CRAM","CRAM.AOS.riparian.point.09","2016-09-22T15:41Z","2017-04-03","CRAM.20160922.ROOTEDSWEEP.9",,,"DICSP7","Y","Dicrotendipes sp.",,"genus","Arthropoda","Hexapoda","Insecta","Pterygota","Neoptera","Holometabola","Diptera","Nematocera","Culicomorpha",,"Chironomidae","Chironominae","Chironomini",,"Dicrotendipes","sp.",,"larva",1,"1a",2,75,3,"N","N",,"condition OK","Y",,"Epler 1987, 1988, 2001","N","EcoAnalysts Inc.","W. Hoiland","Immature; Not Distinct",,"legacyData"
"481abc49-57e7-4e42-aadf-f4c8e8d9e723","D05","CRAM","CRAM.AOS.littoral2","2016-09-22T15:41Z","2017-03-27","CRAM.20160922.PONAR.1",,"CRAM.20160922.PONAR.1.POLYPEDILUM TRITUM","POLTRI2","Y","Polypedilum tritum",,"species","Arthropoda","Hexapoda","Insecta","Pterygota","Neoptera","Holometabola","Diptera","Nematocera","Culicomorpha",,"Chironomidae","Chironominae","Chironomini",,"Polypedilum","tritum",,"larva",2,,1,42,2,"Y","Y",,"condition OK","Y",,"Epler 2001, and Maschwitz and Cook 2000","Y","EcoAnalysts Inc.","W. Hoiland","3of this taxon from this sample in Ref. Coll.",,"legacyData"
"687850cc-f790-43bf-829e-f8460f90cb06","D05","CRAM","CRAM.AOS.riparian.point.05","2016-09-22T15:41Z","2017-03-31","CRAM.20160922.ROOTEDSWEEP.5",,,"ABLSP","Y","Ablabesmyia sp.",,"genus","Arthropoda","Hexapoda","Insecta","Pterygota","Neoptera","Holometabola","Diptera","Nematocera","Culicomorpha",,"Chironomidae","Tanypodinae","Pentaneurini",,"Ablabesmyia","sp.",,"larva",2,,4,37,11,"Y","N",,"condition OK","Y",,"Roback 1985 and Epler 2001","N","EcoAnalysts Inc.","W. Hoiland",,,"legacyData"
"2645e0c8-4d1e-46de-99df-e296b5f3cf4f","D05","CRAM","CRAM.AOS.riparian.point.09","2016-09-22T15:41Z","2017-04-03","CRAM.20160922.ROOTEDSWEEP.9",,,"POLHAL","Y","Polypedilum halterale gr.",,"speciesGroup","Arthropoda","Hexapoda","Insecta","Pterygota","Neoptera","Holometabola","Diptera","Nematocera","Culicomorpha",,"Chironomidae","Chironominae","Chironomini",,"Polypedilum","halterale gr.",,"larva",2,,1,75,1,"N","N",,"condition OK","Y",,"Epler 2001, and Maschwitz and Cook 2000","N","EcoAnalysts Inc.","W. Hoiland",,,"legacyData"
"e30f80d1-8bc5-4e5f-ab64-01338e5aa43d","D05","CRAM","CRAM.AOS.littoral1","2016-09-22T15:41Z","2017-04-10","CRAM.20160922.PONAR.2",,,"PISSP2","Y","Pisidiidae sp.",,"family","Mollusca",,"Bivalvia","Heterodonta",,,"Veneroida",,,"Corbiculoidea","Pisidiidae",,,,,"sp.",,"none",2,,1,20,5,"N","N",,"condition OK","Y",,"Thorp and Covich 2001","N","EcoAnalysts Inc.","B. Sloniker","Immature; Not Distinct",,"legacyData"
"9b8a4e09-df69-449d-9f06-1a618845d9ed","D05","CRAM","CRAM.AOS.riparian.point.09","2016-09-22T15:41Z","2017-04-03","CRAM.20160922.ROOTEDSWEEP.9",,,"ABLSP","Y","Ablabesmyia sp.",,"genus","Arthropoda","Hexapoda","Insecta","Pterygota","Neoptera","Holometabola","Diptera","Nematocera","Culicomorpha",,"Chironomidae","Tanypodinae","Pentaneurini",,"Ablabesmyia","sp.",,"larva",2,,14,75,19,"Y","N",,"condition OK","Y",,"Roback 1985 and Epler 2001","N","EcoAnalysts Inc.","W. Hoiland",,,"legacyData"
"43db5a2e-447f-41eb-b013-165889e162e8","D05","CRAM","CRAM.AOS.riparian.point.03","2016-09-22T15:41Z","2017-04-10","CRAM.20160922.ROOTEDSWEEP.3",,,"ORTSP2","Y","Orthotrichia sp.",,"genus","Arthropoda","Hexapoda","Insecta","Pterygota","Neoptera","Holometabola","Trichoptera",,,"Hydroptiloidea","Hydroptilidae","Hydroptilinae","Orthotrichiini",,"Orthotrichia","sp.",,"larva",2,,2,53,4,"N","N",,"condition OK","Y",,"Wiggins 1996","N","EcoAnalysts Inc.","B. Sloniker",,,"legacyData"
"607993e1-9f9e-48ab-8d55-1048dfd6f71d","D05","CRAM","CRAM.AOS.littoral1","2016-09-22T15:41Z","2017-04-10","CRAM.20160922.PONAR.2",,,"LIBSP","Y","Libellulidae sp.",,"family","Arthropoda","Hexapoda","Insecta","Pterygota","Palaeoptera",,"Odonata","Anisoptera",,,"Libellulidae",,,,,"sp.",,"larva",5,,2,20,10,"N","N",,"condition OK","Y",,"Needham, Westfall and May 2000","N","EcoAnalysts Inc.","B. Sloniker","Immature; Not Distinct",,"legacyData"
"5fec9653-71a4-465a-bbb7-259e3be96173","D05","CRAM","CRAM.AOS.riparian.point.09","2016-09-22T15:41Z","2017-04-11","CRAM.20160922.ROOTEDSWEEP.9",,,"POLSP12","Y","Polycentropus sp.",,"genus","Arthropoda","Hexapoda","Insecta","Pterygota","Neoptera","Holometabola","Trichoptera",,,"Hydropsychoidea","Polycentropodidae","Polycentropodinae",,,"Polycentropus","sp.",,"larva",3,,5,75,7,"N","N",,"condition OK","Y",,"Wiggins 1996","N","EcoAnalysts Inc.","B. Sloniker",,,"legacyData"
"4c6d86de-7b4c-494e-abac-5358f89c15fd","D05","CRAM","CRAM.AOS.riparian.point.05","2016-09-22T15:41Z","2017-04-11","CRAM.20160922.ROOTEDSWEEP.5",,,"BEZSP1","Y","Bezzia/Palpomyia sp.",,"speciesGroup","Arthropoda","Hexapoda","Insecta","Pterygota","Neoptera","Holometabola","Diptera","Nematocera","Culicomorpha",,"Ceratopogonidae","Ceratopogoninae","Palpomyiini",,"Bezzia/Palpomyia","sp.",,"larva",4,,1,37,3,"N","N",,"condition OK","Y",,"Merritt et al. 2008","N","EcoAnalysts Inc.","B. Sloniker",,,"legacyData"
"81ea376d-474d-4b09-8896-5d4639c2d8f0","D05","CRAM","CRAM.AOS.littoral1","2016-09-22T15:41Z","2017-04-10","CRAM.20160922.PONAR.2",,,"NEMSP","Y","Nematoda sp.",,"phylum","Nematoda",,,,,,,,,,,,,,,"sp.",,"none",4,,2,20,10,"N","N",,"condition OK","Y",,"Thorp and Covich 2001","N","EcoAnalysts Inc.","B. Sloniker",,,"legacyData"
"63a75930-d08b-40ee-a003-9b3fdb4be276","D05","CRAM","CRAM.AOS.riparian.point.01","2016-09-22T15:41Z","2017-03-30","CRAM.20160922.ROOTEDSWEEP.1",,"CRAM.20160922.ROOTEDSWEEP.1.CHIRONOMINI SP.","CHISP6","Y","Chironomini sp.",,"tribe","Arthropoda","Hexapoda","Insecta","Pterygota","Neoptera","Holometabola","Diptera","Nematocera","Culicomorpha",,"Chironomidae","Chironominae","Chironomini",,,"sp.",,"larva",1,,4,36,11,"N","N",,"condition OK","Y",,"Epler 2001","N","EcoAnalysts Inc.","W. Hoiland","4of this taxon from this sample in Ref. Coll.; Immature; Not Distinct",,"legacyData"
"35b72bf0-0035-4c7e-8d3b-49d1ec786b17","D05","CRAM","CRAM.AOS.riparian.point.09","2016-09-22T15:41Z","2017-04-11","CRAM.20160922.ROOTEDSWEEP.9",,,"LIBSP","Y","Libellulidae sp.",,"family","Arthropoda","Hexapoda","Insecta","Pterygota","Palaeoptera",,"Odonata","Anisoptera",,,"Libellulidae",,,,,"sp.",,"larva",3,,1,75,1,"N","N",,"condition OK","Y",,"Needham, Westfall and May 2000","N","EcoAnalysts Inc.","B. Sloniker","Immature",,"legacyData"
"4a6209d2-ed8b-491e-9931-aaaac23ec9b2","D05","CRAM","CRAM.AOS.riparian.point.09","2016-09-22T15:41Z","2017-04-11","CRAM.20160922.ROOTEDSWEEP.9",,,"LIMSP5","Y","Limnephilidae sp.",,"family","Arthropoda","Hexapoda","Insecta","Pterygota","Neoptera","Holometabola","Trichoptera",,,"Limnephiloidea","Limnephilidae",,,,,"sp.",,"larva",2,,2,75,3,"N","N",,"condition OK","Y",,"Wiggins 1996","N","EcoAnalysts Inc.","B. Sloniker","2of this taxon from this sample in Ref. Coll.; Immature",,"legacyData"
"09ed99c1-6960-439a-95ff-2dd02feca756","D05","CRAM","CRAM.AOS.riparian.point.01","2016-09-22T15:41Z","2017-03-17","CRAM.20160922.ROOTEDSWEEP.1",,"CRAM.20160922.ROOTEDSWEEP.1_OLIGOCHAETE_1/1","STYLAC","Y","Stylaria lacustris",,"species","Annelida","Clitellata","Oligochaeta","Oligochaeta",,,"Tubificida",,,,"Naididae","Naidinae",,,"Stylaria","lacustris",,"none",4,,1,36,3,"N","N",,"condition OK","Y",,"Kathman and Brinkhurst 1998","N","EcoAnalysts Inc.","L. Flaherty","Fragment; Measurement is of fragment only",,"legacyData"
"94b17513-61b7-4cb8-ad85-0471c0078118","D05","CRAM","CRAM.AOS.riparian.point.01","2016-09-22T15:41Z","2017-03-30","CRAM.20160922.ROOTEDSWEEP.1",,,"ENDSP","Y","Endochironomus sp.",,"genus","Arthropoda","Hexapoda","Insecta","Pterygota","Neoptera","Holometabola","Diptera","Nematocera","Culicomorpha",,"Chironomidae","Chironominae","Chironomini",,"Endochironomus","sp.",,"larva",3,,1,36,3,"N","N",,"condition OK","Y",,"Epler 2001","N","EcoAnalysts Inc.","W. Hoiland",,,"legacyData"
"9cf50a27-4a4f-4b9c-bead-47beb8dcf567","D05","CRAM","CRAM.AOS.riparian.point.07","2016-09-22T15:41Z","2017-04-11","CRAM.20160922.ROOTEDSWEEP.7",,,"BEZSP1","Y","Bezzia/Palpomyia sp.",,"speciesGroup","Arthropoda","Hexapoda","Insecta","Pterygota","Neoptera","Holometabola","Diptera","Nematocera","Culicomorpha",,"Ceratopogonidae","Ceratopogoninae","Palpomyiini",,"Bezzia/Palpomyia","sp.",,"larva",2,,1,34,3,"N","N",,"condition OK","Y",,"Merritt et al. 2008","N","EcoAnalysts Inc.","B. Sloniker",,,"legacyData"
"1a989d54-e6d2-4e35-b18d-b60f3ff7d33c","D05","CRAM","CRAM.AOS.riparian.point.03","2016-09-22T15:41Z","2017-04-10","CRAM.20160922.ROOTEDSWEEP.3",,,"ORISP1","Y","Oribatida sp.",,"suborder","Arthropoda","Chelicerata","Arachnida","Acari",,"Acariformes","Sarcoptiformes","Oribatida",,,,,,,,"sp.",,"larva",1,"1b",1,53,2,"N","N",,"damaged, affecting measurement","Y",,"Thorp and Covich 2001","N","EcoAnalysts Inc.","B. Sloniker","Fragment; Measurement is of fragment only",,"legacyData"
"12d87fc1-0505-4d36-8fc3-ae8077cb194f","D05","CRAM","CRAM.AOS.littoral1","2016-09-22T15:41Z","2017-04-10","CRAM.20160922.PONAR.2",,,"NEMSP","Y","Nematoda sp.",,"phylum","Nematoda",,,,,,,,,,,,,,,"sp.",,"none",3,"3a",5,20,25,"N","N",,"condition OK","Y",,"Thorp and Covich 2001","N","EcoAnalysts Inc.","B. Sloniker",,,"legacyData"
"ece335f7-cb54-40b9-abda-0b8e004c1377","D05","CRAM","CRAM.AOS.littoral1","2016-09-22T15:41Z","2017-03-17","CRAM.20160922.PONAR.2",,"CRAM.20160922.PONAR.2_OLIGOCHAETE_1/1","ENCSP1","Y","Enchytraeidae sp.",,"family","Annelida","Clitellata","Oligochaeta","Oligochaeta",,,"Enchytraeida",,,,"Enchytraeidae",,,,,"sp.",,"none",3,"3a",5,20,25,"N","N",,"condition OK","Y",,"Kathman and Brinkhurst 1999","N","EcoAnalysts Inc.","L. Flaherty",,,"legacyData"
"7b8268c2-155a-4270-8685-67b7fcdabc03","D05","CRAM","CRAM.AOS.riparian.point.07","2016-09-22T15:41Z","2017-04-11","CRAM.20160922.ROOTEDSWEEP.7",,,"PODAQU","Y","Podura aquatica",,"species","Arthropoda","Hexapoda","Collembola",,,,"Collembola","Poduromorpha",,"Poduroidea","Poduridae",,,,"Podura","aquatica",,"larva",1,,3,34,9,"N","N",,"condition OK","Y",,"Merritt et al. 2008","N","EcoAnalysts Inc.","B. Sloniker",,,"legacyData"
"a758cb8c-d827-440a-9b2e-52fb4f57fa9f","D05","CRAM","CRAM.AOS.littoral2","2016-09-22T15:41Z","2017-03-24","CRAM.20160922.PONAR.1",,"CRAM.20160922.PONAR.1.CLADOTANYTARSUS SP.","CLASP6","Y","Cladotanytarsus sp.",,"genus","Arthropoda","Hexapoda","Insecta","Pterygota","Neoptera","Holometabola","Diptera","Nematocera","Culicomorpha",,"Chironomidae","Chironominae","Tanytarsini",,"Cladotanytarsus","sp.",,"larva",2,,16,42,38,"N","N",,"condition OK","Y",,"Epler 2001","Y","EcoAnalysts Inc.","W. Hoiland","3of this taxon from this sample in Ref. Coll.",,"legacyData"
"93920fc6-f8d7-4779-b541-3b79f85f2d0c","D05","CRAM","CRAM.AOS.riparian.point.01","2016-09-22T15:41Z","2017-03-30","CRAM.20160922.ROOTEDSWEEP.1",,,"PARSP34","Y","Paratanytarsus sp.",,"genus","Arthropoda","Hexapoda","Insecta","Pterygota","Neoptera","Holometabola","Diptera","Nematocera","Culicomorpha",,"Chironomidae","Chironominae","Tanytarsini",,"Paratanytarsus","sp.",,"larva",1,,1,36,3,"N","N",,"condition OK","Y",,"Epler 2001","N","EcoAnalysts Inc.","W. Hoiland",,,"legacyData"
"a788b80a-376d-46ae-a06b-a28d4185a8d7","D05","CRAM","CRAM.AOS.littoral2","2016-09-22T15:41Z","2017-03-27","CRAM.20160922.PONAR.1",,"CRAM.20160922.PONAR.1.MICROTENDIPES PEDELLUS GR.","MICPED","Y","Microtendipes pedellus gr.",,"speciesGroup","Arthropoda","Hexapoda","Insecta","Pterygota","Neoptera","Holometabola","Diptera","Nematocera","Culicomorpha",,"Chironomidae","Chironominae","Chironomini",,"Microtendipes","pedellus gr.",,"larva",2,"2a",4,42,10,"N","N",,"condition OK","Y",,"Epler 2001","Y","EcoAnalysts Inc.","W. Hoiland","3of this taxon from this sample in Ref. Coll.",,"legacyData"
"bf10438a-95af-41af-a516-e88c8b86951a","D05","CRAM","CRAM.AOS.riparian.point.03","2016-09-22T15:41Z","2017-04-17","CRAM.20160922.ROOTEDSWEEP.3",,,"LARSP","Y","Larsia sp.",,"genus","Arthropoda","Hexapoda","Insecta","Pterygota","Neoptera","Holometabola","Diptera","Nematocera","Culicomorpha",,"Chironomidae","Tanypodinae","Pentaneurini",,"Larsia","sp.",,"larva",2,,9,53,17,"N","N",,"condition OK","Y",,"Epler 2001","N","EcoAnalysts Inc.","W. Hoiland",,,"legacyData"
"c19d0ad8-72a7-41a3-81f7-ac79ed99cc62","D05","CRAM","CRAM.AOS.riparian.point.09","2016-09-22T15:41Z","2017-04-03","CRAM.20160922.ROOTEDSWEEP.9",,,"LABSP","Y","Labrundinia sp.",,"genus","Arthropoda","Hexapoda","Insecta","Pterygota","Neoptera","Holometabola","Diptera","Nematocera","Culicomorpha",,"Chironomidae","Tanypodinae","Pentaneurini",,"Labrundinia","sp.",,"larva",2,,18,75,24,"N","N",,"condition OK","Y",,"Epler 2001","N","EcoAnalysts Inc.","W. Hoiland",,,"legacyData"
"e022505b-156f-462e-af83-f7d20fec088b","D05","CRAM","CRAM.AOS.littoral2","2016-09-22T15:41Z","2017-03-24","CRAM.20160922.PONAR.1",,"CRAM.20160922.PONAR.1.TANYTARSUS SP.","TANSP11","Y","Tanytarsus sp.",,"genus","Arthropoda","Hexapoda","Insecta","Pterygota","Neoptera","Holometabola","Diptera","Nematocera","Culicomorpha",,"Chironomidae","Chironominae","Tanytarsini",,"Tanytarsus","sp.",,"larva",2,,18,42,43,"N","N",,"condition OK","Y",,"Epler 2001","Y","EcoAnalysts Inc.","W. Hoiland","3of this taxon from this sample in Ref. Coll.",,"legacyData"
"da7e684a-1629-4194-8bdd-e0f07e4163da","D05","CRAM","CRAM.AOS.littoral2","2016-09-22T15:41Z","2017-03-24","CRAM.20160922.PONAR.1",,"CRAM.20160922.PONAR.1.TANYTARSUS SP.","TANSP11","Y","Tanytarsus sp.",,"genus","Arthropoda","Hexapoda","Insecta","Pterygota","Neoptera","Holometabola","Diptera","Nematocera","Culicomorpha",,"Chironomidae","Chironominae","Tanytarsini",,"Tanytarsus","sp.",,"larva",1,,11,42,26,"N","N",,"condition OK","Y",,"Epler 2001","Y","EcoAnalysts Inc.","W. Hoiland","3of this taxon from this sample in Ref. Coll.",,"legacyData"
"16c6aff8-b0ac-4ca9-aef8-b3243728d82f","D05","CRAM","CRAM.AOS.riparian.point.09","2016-09-22T15:41Z","2017-04-03","CRAM.20160922.ROOTEDSWEEP.9",,,"ABLSP","Y","Ablabesmyia sp.",,"genus","Arthropoda","Hexapoda","Insecta","Pterygota","Neoptera","Holometabola","Diptera","Nematocera","Culicomorpha",,"Chironomidae","Tanypodinae","Pentaneurini",,"Ablabesmyia","sp.",,"larva",2,,1,75,1,"N","N",,"condition OK","N",,"Roback 1985 and Epler 2001","N","EcoAnalysts Inc.","W. Hoiland",,,"legacyData"
"ab19396f-b94e-45ec-9a4c-23deab1f2e21","D05","CRAM","CRAM.AOS.riparian.point.01","2016-09-22T15:41Z","2017-04-04","CRAM.20160922.ROOTEDSWEEP.1",,"CRAM.20160922.ROOTEDSWEEP.1.ABLABESMYIA SP.","ABLSP","Y","Ablabesmyia sp.","Ablabesmyia (Karelia) sp.","genus","Arthropoda","Hexapoda","Insecta","Pterygota","Neoptera","Holometabola","Diptera","Nematocera","Culicomorpha",,"Chironomidae","Tanypodinae","Pentaneurini",,"Ablabesmyia","sp.",,"larva",4,,23,36,64,"N","N",,"condition OK","Y",,"Epler 2001","N","EcoAnalysts Inc.","W. Hoiland","5of this taxon from this sample in Ref. Coll.",,"legacyData"
"3a224a20-d2e7-474a-8a23-fb9d5389be56","D05","CRAM","CRAM.AOS.littoral2","2016-09-22T15:41Z","2017-04-04","CRAM.20160922.PONAR.1",,,"ABLSP","Y","Ablabesmyia sp.",,"genus","Arthropoda","Hexapoda","Insecta","Pterygota","Neoptera","Holometabola","Diptera","Nematocera","Culicomorpha",,"Chironomidae","Tanypodinae","Pentaneurini",,"Ablabesmyia","sp.",,"larva",2,,18,42,43,"N","N",,"condition OK","Y",,"Roback 1985 and Epler 2001","Y","EcoAnalysts Inc.","W. Hoiland",,,"legacyData"
"d4f13f75-77eb-4874-98ee-2b12cbc13651","D05","CRAM","CRAM.AOS.littoral1","2016-09-22T15:41Z","2017-04-10","CRAM.20160922.PONAR.2",,,"CRASP3","Y","Crambidae sp.",,"family","Arthropoda","Hexapoda","Insecta","Pterygota","Neoptera","Holometabola","Lepidoptera",,,"Pyraloidea","Crambidae",,,,,"sp.",,"larva",1,,1,20,5,"N","N",,"condition OK","Y",,"Merritt et al. 2008","N","EcoAnalysts Inc.","B. Sloniker","1of this taxon from this sample in Ref. Coll.; Poor Condition; Not Distinct; Fragment; Measurement is of fragment only",,"legacyData"
"5a3b2573-ab6c-4293-9299-ddd3191c641d","D05","CRAM","CRAM.AOS.riparian.point.09","2016-09-22T15:41Z","2017-04-11","CRAM.20160922.ROOTEDSWEEP.9",,,"ORISP1","Y","Oribatida sp.",,"suborder","Arthropoda","Chelicerata","Arachnida","Acari",,"Acariformes","Sarcoptiformes","Oribatida",,,,,,,,"sp.",,"larva",1,,6,75,8,"N","N",,"condition OK","Y",,"Thorp and Covich 2001","N","EcoAnalysts Inc.","B. Sloniker",,,"legacyData"
"9aa7a7bb-e2b0-416c-9bfa-bdc7ea74e6f2","D05","CRAM","CRAM.AOS.littoral1","2016-09-22T15:41Z","2017-03-27","CRAM.20160922.PONAR.2",,,"PARSP25","Y","Parakiefferiella sp.",,"genus","Arthropoda","Hexapoda","Insecta","Pterygota","Neoptera","Holometabola","Diptera","Nematocera","Culicomorpha",,"Chironomidae","Orthocladiinae",,,"Parakiefferiella","sp.",,"larva",2,,11,20,55,"N","N",,"condition OK","Y",,"Epler 2001","N","EcoAnalysts Inc.","W. Hoiland",,,"legacyData"
"1dd7ae85-21ad-42d2-828d-d7fcb3367f46","D05","CRAM","CRAM.AOS.riparian.point.03","2016-09-22T15:41Z","2017-04-10","CRAM.20160922.ROOTEDSWEEP.3",,,"CAESP5","Y","Caenis sp.",,"genus","Arthropoda","Hexapoda","Insecta","Pterygota","Palaeoptera",,"Ephemeroptera","Furcatergalia","Pannota","Caenoidea","Caenidae","Caeninae",,,"Caenis","sp.",,"larva",3,,1,53,2,"N","N",,"condition OK","Y",,"Merritt et al. 2008","N","EcoAnalysts Inc.","B. Sloniker","Immature",,"legacyData"
"30f0cd5d-d9a1-4e2a-8d59-4a34621fd057","D05","CRAM","CRAM.AOS.riparian.point.01","2016-09-22T15:41Z","2017-04-10","CRAM.20160922.ROOTEDSWEEP.1",,,"CAESP5","Y","Caenis sp.",,"genus","Arthropoda","Hexapoda","Insecta","Pterygota","Palaeoptera",,"Ephemeroptera","Furcatergalia","Pannota","Caenoidea","Caenidae","Caeninae",,,"Caenis","sp.",,"larva",1,,1,36,3,"N","N",,"condition OK","Y",,"Merritt et al. 2008","N","EcoAnalysts Inc.","B. Sloniker","Immature",,"legacyData"
"cd43397a-9064-4236-8ed3-d9a271b109a9","D05","CRAM","CRAM.AOS.riparian.point.05","2016-09-22T15:41Z","2017-04-11","CRAM.20160922.ROOTEDSWEEP.5",,,"BEZSP1","Y","Bezzia/Palpomyia sp.",,"speciesGroup","Arthropoda","Hexapoda","Insecta","Pterygota","Neoptera","Holometabola","Diptera","Nematocera","Culicomorpha",,"Ceratopogonidae","Ceratopogoninae","Palpomyiini",,"Bezzia/Palpomyia","sp.",,"larva",5,,1,37,3,"N","N",,"condition OK","Y",,"Merritt et al. 2008","N","EcoAnalysts Inc.","B. Sloniker",,,"legacyData"
"b9e9f927-87cd-4fa0-913b-8bd6b9da23db","D05","CRAM","CRAM.AOS.littoral2","2016-09-22T15:41Z","2017-03-27","CRAM.20160922.PONAR.1",,"CRAM.20160922.PONAR.1.ZAVRELIELLA MARMORATA","ZAVMAR","Y","Zavreliella marmorata",,"species","Arthropoda","Hexapoda","Insecta","Pterygota","Neoptera","Holometabola","Diptera","Nematocera","Culicomorpha",,"Chironomidae","Chironominae","Tanytarsini",,"Zavreliella","marmorata",,"larva",2,,1,42,2,"N","N",,"condition OK","Y",,"Epler 2001","Y","EcoAnalysts Inc.","W. Hoiland","1of this taxon from this sample in Ref. Coll.",,"legacyData"
"fd75c422-a28e-406e-9ea8-d21e43558276","D05","CRAM","CRAM.AOS.riparian.point.09","2016-09-22T15:41Z","2017-04-03","CRAM.20160922.ROOTEDSWEEP.9",,,"LABSP","Y","Labrundinia sp.",,"genus","Arthropoda","Hexapoda","Insecta","Pterygota","Neoptera","Holometabola","Diptera","Nematocera","Culicomorpha",,"Chironomidae","Tanypodinae","Pentaneurini",,"Labrundinia","sp.",,"larva",2,,2,75,3,"Y","N",,"condition OK","N",,"Epler 2001","N","EcoAnalysts Inc.","W. Hoiland",,,"legacyData"
"debd6290-7c18-4c78-99c9-0479a357381e","D05","CRAM","CRAM.AOS.riparian.point.01","2016-09-22T15:41Z","2017-03-30","CRAM.20160922.ROOTEDSWEEP.1",,,"LABSP","Y","Labrundinia sp.",,"genus","Arthropoda","Hexapoda","Insecta","Pterygota","Neoptera","Holometabola","Diptera","Nematocera","Culicomorpha",,"Chironomidae","Tanypodinae","Pentaneurini",,"Labrundinia","sp.",,"larva",1,,1,36,3,"N","N",,"condition OK","Y",,"Epler 2001","N","EcoAnalysts Inc.","W. Hoiland",,,"legacyData"
"64efb331-5290-46d5-94a4-f51f73e63519","D05","CRAM","CRAM.AOS.littoral2","2016-09-22T15:41Z","2017-04-10","CRAM.20160922.PONAR.1",,,"BEZSP1","Y","Bezzia/Palpomyia sp.",,"speciesGroup","Arthropoda","Hexapoda","Insecta","Pterygota","Neoptera","Holometabola","Diptera","Nematocera","Culicomorpha",,"Ceratopogonidae","Ceratopogoninae","Palpomyiini",,"Bezzia/Palpomyia","sp.",,"larva",6,,2,42,5,"N","N",,"condition OK","Y",,"Merritt et al. 2008","Y","EcoAnalysts Inc.","B. Sloniker",,,"legacyData"
"eeda20d6-2aa6-483a-a57c-0297e542c7aa","D05","CRAM","CRAM.AOS.riparian.point.07","2016-09-22T15:41Z","2017-04-03","CRAM.20160922.ROOTEDSWEEP.7",,,"DICSP7","Y","Dicrotendipes sp.",,"genus","Arthropoda","Hexapoda","Insecta","Pterygota","Neoptera","Holometabola","Diptera","Nematocera","Culicomorpha",,"Chironomidae","Chironominae","Chironomini",,"Dicrotendipes","sp.",,"larva",2,,20,34,59,"N","N",,"condition OK","Y",,"Epler 1987, 1988, 2001","N","EcoAnalysts Inc.","W. Hoiland",,,"legacyData"
"ab7a6408-50a4-4ed8-91d5-03a7fefd7d01","D05","CRAM","CRAM.AOS.riparian.point.01","2016-09-22T15:41Z","2017-04-10","CRAM.20160922.ROOTEDSWEEP.1",,,"CAESP5","Y","Caenis sp.",,"genus","Arthropoda","Hexapoda","Insecta","Pterygota","Palaeoptera",,"Ephemeroptera","Furcatergalia","Pannota","Caenoidea","Caenidae","Caeninae",,,"Caenis","sp.",,"larva",2,"2a",9,36,25,"N","N",,"condition OK","Y",,"Merritt et al. 2008","N","EcoAnalysts Inc.","B. Sloniker","Immature",,"legacyData"
"5d068a16-dd27-4fef-beb5-40d39c3d900c","D05","CRAM","CRAM.AOS.riparian.point.07","2016-09-22T15:41Z","2017-04-03","CRAM.20160922.ROOTEDSWEEP.7",,,"CLASP6","Y","Cladotanytarsus sp.",,"genus","Arthropoda","Hexapoda","Insecta","Pterygota","Neoptera","Holometabola","Diptera","Nematocera","Culicomorpha",,"Chironomidae","Chironominae","Tanytarsini",,"Cladotanytarsus","sp.",,"larva",2,,2,34,6,"Y","N",,"condition OK","N",,"Epler 2001","N","EcoAnalysts Inc.","W. Hoiland",,,"legacyData"
"807e578a-bbf0-4b29-8655-41ba2c7bd198","D05","CRAM","CRAM.AOS.littoral1","2016-09-22T15:41Z","2017-04-10","CRAM.20160922.PONAR.2",,,"NEMSP","Y","Nematoda sp.",,"phylum","Nematoda",,,,,,,,,,,,,,,"sp.",,"none",1,,22,20,109,"N","N",,"condition OK","Y",,"Thorp and Covich 2001","N","EcoAnalysts Inc.","B. Sloniker",,,"legacyData"
"96d4da57-9679-471a-a923-17f604c26351","D05","CRAM","CRAM.AOS.littoral1","2016-09-22T15:41Z","2017-03-27","CRAM.20160922.PONAR.2",,,"TANSP11","Y","Tanytarsus sp.",,"genus","Arthropoda","Hexapoda","Insecta","Pterygota","Neoptera","Holometabola","Diptera","Nematocera","Culicomorpha",,"Chironomidae","Chironominae","Tanytarsini",,"Tanytarsus","sp.",,"larva",5,,1,20,5,"N","N",,"condition OK","Y",,"Epler 2001","N","EcoAnalysts Inc.","W. Hoiland",,,"legacyData"
"f1048774-1c18-4231-8051-54070e6c8c33","D05","CRAM","CRAM.AOS.riparian.point.05","2016-09-22T15:41Z","2017-03-31","CRAM.20160922.ROOTEDSWEEP.5",,,"POLTRI2","Y","Polypedilum tritum",,"species","Arthropoda","Hexapoda","Insecta","Pterygota","Neoptera","Holometabola","Diptera","Nematocera","Culicomorpha",,"Chironomidae","Chironominae","Chironomini",,"Polypedilum","tritum",,"larva",2,,6,37,16,"N","N",,"condition OK","Y",,"Epler 2001, and Maschwitz and Cook 2000","N","EcoAnalysts Inc.","W. Hoiland",,,"legacyData"
"d908f6c0-f466-49e3-b5d7-2a6799a12599","D05","CRAM","CRAM.AOS.riparian.point.09","2016-09-22T15:41Z","2017-04-11","CRAM.20160922.ROOTEDSWEEP.9",,,"NEMSP","Y","Nematoda sp.",,"phylum","Nematoda",,,,,,,,,,,,,,,"sp.",,"none",1,,2,75,3,"N","N",,"condition OK","Y",,"Thorp and Covich 2001","N","EcoAnalysts Inc.","B. Sloniker",,,"legacyData"
"6d4aa8de-87f0-4e9f-b224-f55fc4e23cfb","D05","CRAM","CRAM.AOS.riparian.point.09","2016-09-22T15:41Z","2017-04-03","CRAM.20160922.ROOTEDSWEEP.9",,,"CORSP19","Y","Corynoneura sp.",,"genus","Arthropoda","Hexapoda","Insecta","Pterygota","Neoptera","Holometabola","Diptera","Nematocera","Culicomorpha",,"Chironomidae","Orthocladiinae",,,"Corynoneura","sp.",,"larva",1,,1,75,1,"Y","N",,"condition OK","N",,"Epler 2001","N","EcoAnalysts Inc.","W. Hoiland",,,"legacyData"
"4a15025f-73ab-4670-a97c-f480ea1469dd","D05","CRAM","CRAM.AOS.riparian.point.01","2016-09-22T15:41Z","2017-04-10","CRAM.20160922.ROOTEDSWEEP.1",,,"POLSP12","Y","Polycentropus sp.",,"genus","Arthropoda","Hexapoda","Insecta","Pterygota","Neoptera","Holometabola","Trichoptera",,,"Hydropsychoidea","Polycentropodidae","Polycentropodinae",,,"Polycentropus","sp.",,"larva",3,,4,36,11,"N","N",,"condition OK","Y",,"Wiggins 1996","N","EcoAnalysts Inc.","B. Sloniker","1of this taxon from this sample in Ref. Coll.",,"legacyData"
"1e56fc2d-6457-4f0d-a3be-801f87321362","D05","CRAM","CRAM.AOS.riparian.point.03","2016-09-22T15:41Z","2017-03-31","CRAM.20160922.ROOTEDSWEEP.3",,,"ENDSP","Y","Endochironomus sp.",,"genus","Arthropoda","Hexapoda","Insecta","Pterygota","Neoptera","Holometabola","Diptera","Nematocera","Culicomorpha",,"Chironomidae","Chironominae","Chironomini",,"Endochironomus","sp.",,"larva",2,,1,53,2,"N","N",,"condition OK","Y",,"Epler 2001","N","EcoAnalysts Inc.","W. Hoiland",,,"legacyData"
"1d3ceb90-7569-4cb5-97e4-d3a0af96f00f","D05","CRAM","CRAM.AOS.riparian.point.09","2016-09-22T15:41Z","2017-04-03","CRAM.20160922.ROOTEDSWEEP.9",,,"POLTRI2","Y","Polypedilum tritum",,"species","Arthropoda","Hexapoda","Insecta","Pterygota","Neoptera","Holometabola","Diptera","Nematocera","Culicomorpha",,"Chironomidae","Chironominae","Chironomini",,"Polypedilum","tritum",,"larva",2,,1,75,1,"N","N",,"damaged, affecting analysis","N",,"Epler 2001, and Maschwitz and Cook 2000","N","EcoAnalysts Inc.","W. Hoiland",,,"legacyData"
"d6c35353-e2cd-4a2a-b91a-7c95341ad5d5","D05","CRAM","CRAM.AOS.littoral1","2016-09-22T15:41Z","2017-04-04","CRAM.20160922.PONAR.2",,"CRAM.20160922.PONAR.2.ABLABESMYIA SP.","ABLSP","Y","Ablabesmyia sp.",,"genus","Arthropoda","Hexapoda","Insecta","Pterygota","Neoptera","Holometabola","Diptera","Nematocera","Culicomorpha",,"Chironomidae","Tanypodinae","Pentaneurini",,"Ablabesmyia","sp.",,"larva",2,,8,20,40,"N","N",,"condition OK","Y",,"Roback 1985 and Epler 2001","N","EcoAnalysts Inc.","W. Hoiland",,,"legacyData"
"562bacc8-630b-42a5-88ee-d9a5bc420217","D05","CRAM","CRAM.AOS.riparian.point.07","2016-09-22T15:41Z","2017-04-11","CRAM.20160922.ROOTEDSWEEP.7",,,"LIBSP","Y","Libellulidae sp.",,"family","Arthropoda","Hexapoda","Insecta","Pterygota","Palaeoptera",,"Odonata","Anisoptera",,,"Libellulidae",,,,,"sp.",,"larva",4,,1,34,3,"Y","N",,"condition OK","Y",,"Needham, Westfall and May 2000","N","EcoAnalysts Inc.","B. Sloniker","Immature",,"legacyData"
"d318fc2c-c1e4-417b-ba4b-6a33a3837519","D05","CRAM","CRAM.AOS.riparian.point.05","2016-09-22T15:41Z","2017-04-11","CRAM.20160922.ROOTEDSWEEP.5",,,"HALSP1","Y","Halacaridae sp.",,"family","Arthropoda","Chelicerata","Arachnida","Acari",,"Acariformes","Trombidiformes","Prostigmata",,"Halacaroidea","Halacaridae",,,,,"sp.",,"larva",1,,1,37,3,"N","N",,"condition OK","Y",,"Thorp and Covich 2001","N","EcoAnalysts Inc.","B. Sloniker",,,"legacyData"
"4cdad385-31dd-473a-9e75-ad3fb3e6b915","D05","CRAM","CRAM.AOS.littoral2","2016-09-22T15:41Z","2017-03-24","CRAM.20160922.PONAR.1",,"CRAM.20160922.PONAR.1.ENDOCHIRONOMUS SP.","ENDSP","Y","Endochironomus sp.",,"genus","Arthropoda","Hexapoda","Insecta","Pterygota","Neoptera","Holometabola","Diptera","Nematocera","Culicomorpha",,"Chironomidae","Chironominae","Chironomini",,"Endochironomus","sp.",,"larva",3,,1,42,2,"N","N",,"condition OK","Y",,"Epler 2001","Y","EcoAnalysts Inc.","W. Hoiland","2of this taxon from this sample in Ref. Coll.",,"legacyData"
"33bb6e43-f804-4d26-92fb-a5f42ca3e8b2","D05","CRAM","CRAM.AOS.riparian.point.09","2016-09-22T15:41Z","2017-03-17","CRAM.20160922.ROOTEDSWEEP.9",,"CRAM.20160922.ROOTEDSWEEP.9.OLIGOCHAETE_1/1","NAISP1","Y","Nais sp.",,"genus","Annelida","Clitellata","Oligochaeta","Oligochaeta",,,"Tubificida",,,,"Naididae","Naidinae",,,"Nais","sp.",,"none",2,,2,75,3,"N","N",,"condition OK","Y",,"Kathman and Brinkhurst 1998","N","EcoAnalysts Inc.","L. Flaherty",,,"legacyData"
"09f076dd-bbd9-4117-8675-c4041a0535be","D05","CRAM","CRAM.AOS.riparian.point.01","2016-09-22T15:41Z","2017-03-30","CRAM.20160922.ROOTEDSWEEP.1",,,"ENDSP","Y","Endochironomus sp.",,"genus","Arthropoda","Hexapoda","Insecta","Pterygota","Neoptera","Holometabola","Diptera","Nematocera","Culicomorpha",,"Chironomidae","Chironominae","Chironomini",,"Endochironomus","sp.",,"larva",2,,2,36,6,"N","N",,"condition OK","Y",,"Epler 2001","N","EcoAnalysts Inc.","W. Hoiland",,,"legacyData"
"a1941085-57e0-47b4-8bd5-c291326d6176","D05","CRAM","CRAM.AOS.riparian.point.03","2016-09-22T15:41Z","2017-04-10","CRAM.20160922.ROOTEDSWEEP.3",,,"COESP","Y","Coenagrionidae sp.",,"family","Arthropoda","Hexapoda","Insecta","Pterygota","Palaeoptera",,"Odonata","Zygoptera",,,"Coenagrionidae",,,,,"sp.",,"larva",2,,1,53,2,"N","N",,"condition OK","Y",,"Westfall and May 1996","N","EcoAnalysts Inc.","B. Sloniker","Immature; Indeterminate",,"legacyData"
"40c11a97-1dfa-4d18-bad4-2bfe458c7640","D05","CRAM","CRAM.AOS.littoral2","2016-09-22T15:41Z","2017-03-24","CRAM.20160922.PONAR.1",,"CRAM.20160922.PONAR.1.PARAKIEFFERIELLA SP.","PARSP25","Y","Parakiefferiella sp.",,"genus","Arthropoda","Hexapoda","Insecta","Pterygota","Neoptera","Holometabola","Diptera","Nematocera","Culicomorpha",,"Chironomidae","Orthocladiinae",,,"Parakiefferiella","sp.",,"larva",1,,1,42,2,"N","N",,"condition OK","Y",,"Epler 2001","Y","EcoAnalysts Inc.","W. Hoiland","3of this taxon from this sample in Ref. Coll.",,"legacyData"
"7006a65b-daac-4870-99bf-1b9212243782","D05","CRAM","CRAM.AOS.riparian.point.07","2016-09-22T15:41Z","2017-04-11","CRAM.20160922.ROOTEDSWEEP.7",,,"UNISP4","Y","Unionicola sp.",,"genus","Arthropoda","Chelicerata","Arachnida","Acari",,"Acariformes","Trombidiformes","Prostigmata",,"Hygrobatoidea","Unionicolidae",,,,"Unionicola","sp.",,"larva",1,,1,34,3,"N","N",,"condition OK","Y",,"Thorp and Covich 2001","N","EcoAnalysts Inc.","B. Sloniker",,,"legacyData"
"5b569b1b-c2fb-4988-b586-49a59692fd50","D05","CRAM","CRAM.AOS.littoral1","2016-09-22T15:41Z","2017-04-10","CRAM.20160922.PONAR.2",,,"NEMSP","Y","Nematoda sp.",,"phylum","Nematoda",,,,,,,,,,,,,,,"sp.",,"none",5,,1,20,5,"N","N",,"condition OK","Y",,"Thorp and Covich 2001","N","EcoAnalysts Inc.","B. Sloniker",,,"legacyData"
"300d94d1-791f-4930-9af0-c56f628dd978","D05","CRAM","CRAM.AOS.riparian.point.07","2016-09-22T15:41Z","2017-04-11","CRAM.20160922.ROOTEDSWEEP.7",,,"LIBSP","Y","Libellulidae sp.",,"family","Arthropoda","Hexapoda","Insecta","Pterygota","Palaeoptera",,"Odonata","Anisoptera",,,"Libellulidae",,,,,"sp.",,"larva",5,,1,34,3,"Y","N",,"condition OK","Y",,"Needham, Westfall and May 2000","N","EcoAnalysts Inc.","B. Sloniker","Immature",,"legacyData"
"65addd1d-1973-4d0b-8709-d729e867d824","D05","CRAM","CRAM.AOS.riparian.point.09","2016-09-22T15:41Z","2017-03-17","CRAM.20160922.ROOTEDSWEEP.9",,"CRAM.20160922.ROOTEDSWEEP.9.OLIGOCHAETE_1/1","STYLAC","Y","Stylaria lacustris",,"species","Annelida","Clitellata","Oligochaeta","Oligochaeta",,,"Tubificida",,,,"Naididae","Naidinae",,,"Stylaria","lacustris",,"none",3,,1,75,1,"N","N",,"condition OK","Y",,"Kathman and Brinkhurst 1998","N","EcoAnalysts Inc.","L. Flaherty","Fragment; Measurement is of fragment only",,"legacyData"
"2f52fa00-e38d-4eeb-9028-db5b89282294","D05","CRAM","CRAM.AOS.littoral1","2016-09-22T15:41Z","2017-03-27","CRAM.20160922.PONAR.2",,,"ZAVMAR","Y","Zavreliella marmorata",,"species","Arthropoda","Hexapoda","Insecta","Pterygota","Neoptera","Holometabola","Diptera","Nematocera","Culicomorpha",,"Chironomidae","Chironominae","Tanytarsini",,"Zavreliella","marmorata",,"larva",2,,2,20,10,"N","N",,"condition OK","Y",,"Epler 2001","N","EcoAnalysts Inc.","W. Hoiland",,,"legacyData"
"d0fd17ee-6d40-4d9e-bf5f-e2afce187755","D05","CRAM","CRAM.AOS.riparian.point.03","2016-09-22T15:41Z","2017-03-31","CRAM.20160922.ROOTEDSWEEP.3",,,"TANSP11","Y","Tanytarsus sp.",,"genus","Arthropoda","Hexapoda","Insecta","Pterygota","Neoptera","Holometabola","Diptera","Nematocera","Culicomorpha",,"Chironomidae","Chironominae","Tanytarsini",,"Tanytarsus","sp.",,"larva",3,,2,53,4,"N","N",,"condition OK","Y",,"Epler 2001","N","EcoAnalysts Inc.","W. Hoiland",,,"legacyData"
"9f98d2d5-229c-417c-b929-371023dad7a4","D05","CRAM","CRAM.AOS.riparian.point.07","2016-09-22T15:41Z","2017-04-03","CRAM.20160922.ROOTEDSWEEP.7",,,"TANSP11","Y","Tanytarsus sp.",,"genus","Arthropoda","Hexapoda","Insecta","Pterygota","Neoptera","Holometabola","Diptera","Nematocera","Culicomorpha",,"Chironomidae","Chironominae","Tanytarsini",,"Tanytarsus","sp.",,"larva",2,,1,34,3,"N","N",,"condition OK","Y",,"Epler 2001","N","EcoAnalysts Inc.","W. Hoiland",,,"legacyData"
"5ce3a21e-c2df-4c0b-a399-f5b5fec92b88","D05","CRAM","CRAM.AOS.littoral1","2016-09-22T15:41Z","2017-03-27","CRAM.20160922.PONAR.2",,,"CLASP6","Y","Cladotanytarsus sp.",,"genus","Arthropoda","Hexapoda","Insecta","Pterygota","Neoptera","Holometabola","Diptera","Nematocera","Culicomorpha",,"Chironomidae","Chironominae","Tanytarsini",,"Cladotanytarsus","sp.",,"larva",2,,9,20,45,"N","N",,"condition OK","Y",,"Epler 2001","N","EcoAnalysts Inc.","W. Hoiland",,,"legacyData"
"24e0047f-4033-4c44-b951-30c6d82d26a3","D05","CRAM","CRAM.AOS.riparian.point.01","2016-09-22T15:41Z","2017-03-30","CRAM.20160922.ROOTEDSWEEP.1",,"CRAM.20160922.ROOTEDSWEEP.1.CRICOTOPUS SP.","CRISP2","Y","Cricotopus sp.",,"genus","Arthropoda","Hexapoda","Insecta","Pterygota","Neoptera","Holometabola","Diptera","Nematocera","Culicomorpha",,"Chironomidae","Orthocladiinae",,,"Cricotopus","sp.",,"larva",1,,1,36,3,"N","N",,"condition OK","Y",,"Epler 2001","N","EcoAnalysts Inc.","W. Hoiland","2of this taxon from this sample in Ref. Coll.",,"legacyData"
"be034fc1-1d6e-43eb-bf1a-c502a0f1f869","D05","CRAM","CRAM.AOS.littoral2","2016-09-22T15:41Z","2017-03-24","CRAM.20160922.PONAR.1",,"CRAM.20160922.PONAR.1.PROCLADIUS SP.","PROSP23","Y","Procladius sp.",,"genus","Arthropoda","Hexapoda","Insecta","Pterygota","Neoptera","Holometabola","Diptera","Nematocera","Culicomorpha",,"Chironomidae","Tanypodinae","Procladiini",,"Procladius","sp.",,"larva",2,,2,42,5,"N","N",,"condition OK","Y",,"Epler 2001","Y","EcoAnalysts Inc.","W. Hoiland","3of this taxon from this sample in Ref. Coll.",,"legacyData"
"abb1c7dd-c823-49e0-800f-6928f4631f33","D05","CRAM","CRAM.AOS.riparian.point.03","2016-09-22T15:41Z","2017-03-31","CRAM.20160922.ROOTEDSWEEP.3",,,"PSESP19","Y","Psectrocladius sp.",,"genus","Arthropoda","Hexapoda","Insecta","Pterygota","Neoptera","Holometabola","Diptera","Nematocera","Culicomorpha",,"Chironomidae","Orthocladiinae",,,"Psectrocladius","sp.",,"larva",1,,2,53,4,"N","N",,"condition OK","Y",,"Epler 2001","N","EcoAnalysts Inc.","W. Hoiland",,,"legacyData"
"6f2d3330-256b-4972-b1fe-29f72f104dc7","D05","CRAM","CRAM.AOS.riparian.point.07","2016-09-22T15:41Z","2017-04-03","CRAM.20160922.ROOTEDSWEEP.7",,,"PARSP34","Y","Paratanytarsus sp.",,"genus","Arthropoda","Hexapoda","Insecta","Pterygota","Neoptera","Holometabola","Diptera","Nematocera","Culicomorpha",,"Chironomidae","Chironominae","Tanytarsini",,"Paratanytarsus","sp.",,"larva",2,,14,34,41,"N","N",,"condition OK","Y",,"Epler 2001","N","EcoAnalysts Inc.","W. Hoiland",,,"legacyData"
"2e44ce68-6846-4fd9-a656-ef7b9d346310","D05","CRAM","CRAM.AOS.riparian.point.01","2016-09-22T15:41Z","2017-04-06","CRAM.20160922.ROOTEDSWEEP.1",,,"LARSP","Y","Larsia sp.",,"genus","Arthropoda","Hexapoda","Insecta","Pterygota","Neoptera","Holometabola","Diptera","Nematocera","Culicomorpha",,"Chironomidae","Tanypodinae","Pentaneurini",,"Larsia","sp.",,"larva",2,,3,36,8,"N","N",,"condition OK","Y",,"Epler 2001","N","EcoAnalysts Inc.","W. Hoiland",,,"legacyData"
"ec6d7a11-d9d5-40a7-92b1-ebac73d59c72","D05","CRAM","CRAM.AOS.riparian.point.07","2016-09-22T15:41Z","2017-04-11","CRAM.20160922.ROOTEDSWEEP.7",,,"CAESP5","Y","Caenis sp.",,"genus","Arthropoda","Hexapoda","Insecta","Pterygota","Palaeoptera",,"Ephemeroptera","Furcatergalia","Pannota","Caenoidea","Caenidae","Caeninae",,,"Caenis","sp.",,"larva",2,,6,34,18,"N","N",,"condition OK","Y",,"Merritt et al. 2008","N","EcoAnalysts Inc.","B. Sloniker","Immature",,"legacyData"
"e75138fe-19ad-4f8f-8ea6-df1e394adad9","D05","CRAM","CRAM.AOS.riparian.point.07","2016-09-22T15:41Z","2017-04-11","CRAM.20160922.ROOTEDSWEEP.7",,,"OXYSP","Y","Oxyethira sp.",,"genus","Arthropoda","Hexapoda","Insecta","Pterygota","Neoptera","Holometabola","Trichoptera",,,"Hydroptiloidea","Hydroptilidae","Hydroptilinae","Hydroptilini",,"Oxyethira","sp.",,"larva",3,,10,34,29,"N","N",,"condition OK","Y",,"Wiggins 1996","N","EcoAnalysts Inc.","B. Sloniker",,,"legacyData"
"59a5185b-f276-4ef3-8d1b-641cf32e5f5e","D05","CRAM","CRAM.AOS.riparian.point.07","2016-09-22T15:41Z","2017-03-17","CRAM.20160922.ROOTEDSWEEP.7",,"CRAM.20160922.ROOTEDSWEEP.7_OLIGOCHAETE_1/2|CRAM.20160922.ROOTEDSWEEP.7_OLIGOCHAETE_2/2","VEJCOM","Y","Vejdovskyella comata",,"species","Annelida","Clitellata","Oligochaeta","Oligochaeta",,,"Tubificida",,,,"Naididae","Naidinae",,,"Vejdovskyella","comata",,"none",1,,1,34,3,"N","N",,"condition OK","Y",,"Kathman and Brinkhurst 1998","N","EcoAnalysts Inc.","L. Flaherty",,,"legacyData"
"c9e223e2-dce9-47c8-88a5-e02865135288","D05","CRAM","CRAM.AOS.riparian.point.03","2016-09-22T15:41Z","2017-03-31","CRAM.20160922.ROOTEDSWEEP.3",,,"ENDSP","Y","Endochironomus sp.",,"genus","Arthropoda","Hexapoda","Insecta","Pterygota","Neoptera","Holometabola","Diptera","Nematocera","Culicomorpha",,"Chironomidae","Chironominae","Chironomini",,"Endochironomus","sp.",,"larva",3,,1,53,2,"N","N",,"condition OK","Y",,"Epler 2001","N","EcoAnalysts Inc.","W. Hoiland",,,"legacyData"
"63608820-a0a1-44a2-8927-896658b390d8","D05","CRAM","CRAM.AOS.riparian.point.07","2016-09-22T15:41Z","2017-04-11","CRAM.20160922.ROOTEDSWEEP.7",,,"OXYSP","Y","Oxyethira sp.",,"genus","Arthropoda","Hexapoda","Insecta","Pterygota","Neoptera","Holometabola","Trichoptera",,,"Hydroptiloidea","Hydroptilidae","Hydroptilinae","Hydroptilini",,"Oxyethira","sp.",,"larva",2,,3,34,9,"N","N",,"condition OK","Y",,"Wiggins 1996","N","EcoAnalysts Inc.","B. Sloniker",,,"legacyData"
"55178731-f33a-478a-a5e2-d7053f018a00","D05","CRAM","CRAM.AOS.riparian.point.05","2016-09-22T15:41Z","2017-03-31","CRAM.20160922.ROOTEDSWEEP.5",,,"CHISP6","Y","Chironomini sp.",,"tribe","Arthropoda","Hexapoda","Insecta","Pterygota","Neoptera","Holometabola","Diptera","Nematocera","Culicomorpha",,"Chironomidae","Chironominae","Chironomini",,,"sp.",,"larva",1,,1,37,3,"N","N",,"condition OK","Y",,"Epler 2001","N","EcoAnalysts Inc.","W. Hoiland","Immature; Not Distinct",,"legacyData"
"41bdc5e8-6b84-45d6-a432-c33b01fabb82","D05","CRAM","CRAM.AOS.riparian.point.07","2016-09-22T15:41Z","2017-04-11","CRAM.20160922.ROOTEDSWEEP.7",,,"OXYSP","Y","Oxyethira sp.",,"genus","Arthropoda","Hexapoda","Insecta","Pterygota","Neoptera","Holometabola","Trichoptera",,,"Hydroptiloidea","Hydroptilidae","Hydroptilinae","Hydroptilini",,"Oxyethira","sp.",,"larva",1,,2,34,6,"N","N",,"condition OK","Y",,"Wiggins 1996","N","EcoAnalysts Inc.","B. Sloniker",,,"legacyData"
"7163fd7e-e9ac-4419-ac5e-da9a39dc1b4d","D05","CRAM","CRAM.AOS.riparian.point.09","2016-09-22T15:41Z","2017-04-03","CRAM.20160922.ROOTEDSWEEP.9",,,"CORSP19","Y","Corynoneura sp.",,"genus","Arthropoda","Hexapoda","Insecta","Pterygota","Neoptera","Holometabola","Diptera","Nematocera","Culicomorpha",,"Chironomidae","Orthocladiinae",,,"Corynoneura","sp.",,"larva",2,,3,75,4,"N","N",,"condition OK","Y",,"Epler 2001","N","EcoAnalysts Inc.","W. Hoiland",,,"legacyData"
"d04a207c-5265-4761-9300-39ed7abcab41","D05","CRAM","CRAM.AOS.littoral2","2016-09-22T15:41Z","2017-03-24","CRAM.20160922.PONAR.1",,"CRAM.20160922.PONAR.1.DICROTENDIPES SP.","DICSP7","Y","Dicrotendipes sp.",,"genus","Arthropoda","Hexapoda","Insecta","Pterygota","Neoptera","Holometabola","Diptera","Nematocera","Culicomorpha",,"Chironomidae","Chironominae","Chironomini",,"Dicrotendipes","sp.",,"larva",1,,2,42,5,"N","N",,"condition OK","Y",,"Epler 1987, 1988, 2001","Y","EcoAnalysts Inc.","W. Hoiland","4of this taxon from this sample in Ref. Coll.",,"legacyData"
"823ad491-ba77-4f52-81ab-186fbdd84cc1","D05","CRAM","CRAM.AOS.riparian.point.03","2016-09-22T15:41Z","2017-03-31","CRAM.20160922.ROOTEDSWEEP.3",,,"LABSP","Y","Labrundinia sp.",,"genus","Arthropoda","Hexapoda","Insecta","Pterygota","Neoptera","Holometabola","Diptera","Nematocera","Culicomorpha",,"Chironomidae","Tanypodinae","Pentaneurini",,"Labrundinia","sp.",,"larva",2,,3,53,6,"N","N",,"condition OK","Y",,"Epler 2001","N","EcoAnalysts Inc.","W. Hoiland",,,"legacyData"
"83d04231-f9b4-4db7-b92f-360734391fc0","D05","CRAM","CRAM.AOS.riparian.point.01","2016-09-22T15:41Z","2017-04-10","CRAM.20160922.ROOTEDSWEEP.1",,,"PISSP2","Y","Pisidiidae sp.",,"family","Mollusca",,"Bivalvia","Heterodonta",,,"Veneroida",,,"Corbiculoidea","Pisidiidae",,,,,"sp.",,"none",3,,1,36,3,"N","N",,"condition OK","Y",,"Thorp and Covich 2001","N","EcoAnalysts Inc.","B. Sloniker","Immature",,"legacyData"
"97961105-cf19-4ffe-81e1-7bc5238b2768","D05","CRAM","CRAM.AOS.littoral1","2016-09-22T15:41Z","2017-04-10","CRAM.20160922.PONAR.2",,,"BEZSP1","Y","Bezzia/Palpomyia sp.",,"speciesGroup","Arthropoda","Hexapoda","Insecta","Pterygota","Neoptera","Holometabola","Diptera","Nematocera","Culicomorpha",,"Ceratopogonidae","Ceratopogoninae","Palpomyiini",,"Bezzia/Palpomyia","sp.",,"larva",4,,11,20,55,"N","N",,"condition OK","Y",,"Merritt et al. 2008","N","EcoAnalysts Inc.","B. Sloniker",,,"legacyData"
"6324eb08-caa9-4663-bc80-c5bed1571f4e","D05","CRAM","CRAM.AOS.riparian.point.07","2016-09-22T15:41Z","2017-04-03","CRAM.20160922.ROOTEDSWEEP.7",,,"CHISP8","Y","Chironomus sp.",,"genus","Arthropoda","Hexapoda","Insecta","Pterygota","Neoptera","Holometabola","Diptera","Nematocera","Culicomorpha",,"Chironomidae","Chironominae","Chironomini",,"Chironomus","sp.",,"larva",2,,20,34,59,"N","N",,"condition OK","Y",,"Epler 2001","N","EcoAnalysts Inc.","W. Hoiland",,,"legacyData"
"4d2fbb20-6da7-4c41-b300-606bef459472","D05","CRAM","CRAM.AOS.littoral1","2016-09-22T15:41Z","2017-04-12","CRAM.20160922.PONAR.2",,,"CORSP19","Y","Corynoneura sp.",,"genus","Arthropoda","Hexapoda","Insecta","Pterygota","Neoptera","Holometabola","Diptera","Nematocera","Culicomorpha",,"Chironomidae","Orthocladiinae",,,"Corynoneura","sp.",,"larva",2,,1,20,5,"N","N",,"condition OK","Y",,"Epler 2001","N","EcoAnalysts Inc.","W. Hoiland",,,"legacyData"
"c78f3a82-53c4-443e-ac5f-162e49f978a9","D05","CRAM","CRAM.AOS.riparian.point.09","2016-09-22T15:41Z","2017-04-03","CRAM.20160922.ROOTEDSWEEP.9",,,"TANSP11","Y","Tanytarsus sp.",,"genus","Arthropoda","Hexapoda","Insecta","Pterygota","Neoptera","Holometabola","Diptera","Nematocera","Culicomorpha",,"Chironomidae","Chironominae","Tanytarsini",,"Tanytarsus","sp.",,"larva",2,,1,75,1,"Y","N",,"condition OK","Y",,"Epler 2001","N","EcoAnalysts Inc.","W. Hoiland",,,"legacyData"
"f33c3fb0-13c1-446e-884b-95939105ce9a","D05","CRAM","CRAM.AOS.riparian.point.01","2016-09-22T15:41Z","2017-03-30","CRAM.20160922.ROOTEDSWEEP.1",,,"LABSP","Y","Labrundinia sp.",,"genus","Arthropoda","Hexapoda","Insecta","Pterygota","Neoptera","Holometabola","Diptera","Nematocera","Culicomorpha",,"Chironomidae","Tanypodinae","Pentaneurini",,"Labrundinia","sp.",,"larva",2,,6,36,17,"N","N",,"condition OK","Y",,"Epler 2001","N","EcoAnalysts Inc.","W. Hoiland",,,"legacyData"
"f3e17c1c-5bcb-4f72-badc-1c42bc7533a3","D05","CRAM","CRAM.AOS.riparian.point.09","2016-09-22T15:41Z","2017-04-03","CRAM.20160922.ROOTEDSWEEP.9",,,"TANSP11","Y","Tanytarsus sp.",,"genus","Arthropoda","Hexapoda","Insecta","Pterygota","Neoptera","Holometabola","Diptera","Nematocera","Culicomorpha",,"Chironomidae","Chironominae","Tanytarsini",,"Tanytarsus","sp.",,"larva",2,,2,75,3,"N","N",,"condition OK","Y",,"Epler 2001","N","EcoAnalysts Inc.","W. Hoiland",,,"legacyData"
"ed2e64f3-adac-4452-a340-06900ab602b5","D05","CRAM","CRAM.AOS.riparian.point.03","2016-09-22T15:41Z","2017-04-10","CRAM.20160922.ROOTEDSWEEP.3",,,"ORISP1","Y","Oribatida sp.",,"suborder","Arthropoda","Chelicerata","Arachnida","Acari",,"Acariformes","Sarcoptiformes","Oribatida",,,,,,,,"sp.",,"larva",1,"1a",1,53,2,"N","N",,"condition OK","Y",,"Thorp and Covich 2001","N","EcoAnalysts Inc.","B. Sloniker",,,"legacyData"
"523d128d-530c-453c-8fa9-1f04d623c140","D05","CRAM","CRAM.AOS.riparian.point.07","2016-09-22T15:41Z","2017-04-11","CRAM.20160922.ROOTEDSWEEP.7",,,"NEMSP","Y","Nematoda sp.",,"phylum","Nematoda",,,,,,,,,,,,,,,"sp.",,"none",1,,3,34,9,"N","N",,"condition OK","Y",,"Thorp and Covich 2001","N","EcoAnalysts Inc.","B. Sloniker",,,"legacyData"
"07f75296-1891-4b44-ab1e-cc7cca3ab8e6","D05","CRAM","CRAM.AOS.riparian.point.05","2016-09-22T15:41Z","2017-03-17","CRAM.20160922.ROOTEDSWEEP.5",,"CRAM.20160922.ROOTEDSWEEP.5_OLIGOCHAETE_1/1","STYLAC","Y","Stylaria lacustris",,"species","Annelida","Clitellata","Oligochaeta","Oligochaeta",,,"Tubificida",,,,"Naididae","Naidinae",,,"Stylaria","lacustris",,"none",3,,1,37,3,"Y","N",,"condition OK","N",,"Kathman and Brinkhurst 1998","N","EcoAnalysts Inc.","L. Flaherty","Fragment; Measurement is of fragment only",,"legacyData"
"966df058-f8b3-4528-9d87-d04eabefe0fc","D05","CRAM","CRAM.AOS.riparian.point.09","2016-09-22T15:41Z","2017-04-03","CRAM.20160922.ROOTEDSWEEP.9",,,"CHISP8","Y","Chironomus sp.",,"genus","Arthropoda","Hexapoda","Insecta","Pterygota","Neoptera","Holometabola","Diptera","Nematocera","Culicomorpha",,"Chironomidae","Chironominae","Chironomini",,"Chironomus","sp.",,"larva",2,,2,75,3,"N","N",,"condition OK","Y",,"Epler 2001","N","EcoAnalysts Inc.","W. Hoiland",,,"legacyData"
"48fca473-b8bf-40d8-892c-a39ba91ecdb6","D05","CRAM","CRAM.AOS.riparian.point.05","2016-09-22T15:41Z","2017-03-31","CRAM.20160922.ROOTEDSWEEP.5",,,"TANSP11","Y","Tanytarsus sp.",,"genus","Arthropoda","Hexapoda","Insecta","Pterygota","Neoptera","Holometabola","Diptera","Nematocera","Culicomorpha",,"Chironomidae","Chironominae","Tanytarsini",,"Tanytarsus","sp.",,"larva",2,,2,37,5,"N","N",,"condition OK","Y",,"Epler 2001","N","EcoAnalysts Inc.","W. Hoiland",,,"legacyData"
"4e2e71a2-7770-4c07-bee0-fd33d7b118be","D05","CRAM","CRAM.AOS.riparian.point.07","2016-09-22T15:41Z","2017-04-03","CRAM.20160922.ROOTEDSWEEP.7",,,"ZAVMAR","Y","Zavreliella marmorata",,"species","Arthropoda","Hexapoda","Insecta","Pterygota","Neoptera","Holometabola","Diptera","Nematocera","Culicomorpha",,"Chironomidae","Chironominae","Tanytarsini",,"Zavreliella","marmorata",,"larva",3,,1,34,3,"N","N",,"condition OK","Y",,"Epler 2001","N","EcoAnalysts Inc.","W. Hoiland",,,"legacyData"
"ad37184a-d6c9-4614-a033-ea74897751e0","D05","CRAM","CRAM.AOS.littoral1","2016-09-22T15:41Z","2017-04-10","CRAM.20160922.PONAR.2",,,"BEZSP1","Y","Bezzia/Palpomyia sp.",,"speciesGroup","Arthropoda","Hexapoda","Insecta","Pterygota","Neoptera","Holometabola","Diptera","Nematocera","Culicomorpha",,"Ceratopogonidae","Ceratopogoninae","Palpomyiini",,"Bezzia/Palpomyia","sp.",,"larva",3,"3a",4,20,20,"N","N",,"condition OK","Y",,"Merritt et al. 2008","N","EcoAnalysts Inc.","B. Sloniker",,,"legacyData"
"8ffbda51-e885-4889-902d-f9297d239fdc","D05","CRAM","CRAM.AOS.riparian.point.01","2016-09-22T15:41Z","2017-04-10","CRAM.20160922.ROOTEDSWEEP.1",,,"CAESP5","Y","Caenis sp.",,"genus","Arthropoda","Hexapoda","Insecta","Pterygota","Palaeoptera",,"Ephemeroptera","Furcatergalia","Pannota","Caenoidea","Caenidae","Caeninae",,,"Caenis","sp.",,"larva",3,,4,36,11,"N","N",,"condition OK","Y",,"Merritt et al. 2008","N","EcoAnalysts Inc.","B. Sloniker","Immature",,"legacyData"
"53fe4380-3fa4-44a4-af37-8808a91c06fc","D05","CRAM","CRAM.AOS.riparian.point.05","2016-09-22T15:41Z","2017-04-11","CRAM.20160922.ROOTEDSWEEP.5",,,"ORISP1","Y","Oribatida sp.",,"suborder","Arthropoda","Chelicerata","Arachnida","Acari",,"Acariformes","Sarcoptiformes","Oribatida",,,,,,,,"sp.",,"larva",1,,3,37,8,"N","N",,"condition OK","Y",,"Thorp and Covich 2001","N","EcoAnalysts Inc.","B. Sloniker",,,"legacyData"
"4c5fe434-2d34-40bf-b4a5-a1309b45cc6a","D05","CRAM","CRAM.AOS.riparian.point.05","2016-09-22T15:41Z","2017-04-11","CRAM.20160922.ROOTEDSWEEP.5",,,"ORTSP2","Y","Orthotrichia sp.",,"genus","Arthropoda","Hexapoda","Insecta","Pterygota","Neoptera","Holometabola","Trichoptera",,,"Hydroptiloidea","Hydroptilidae","Hydroptilinae","Orthotrichiini",,"Orthotrichia","sp.",,"larva",1,,4,37,11,"N","N",,"condition OK","Y",,"Wiggins 1996","N","EcoAnalysts Inc.","B. Sloniker",,,"legacyData"
"179c12e5-fe4a-4714-b3d8-9565612c17f1","D05","CRAM","CRAM.AOS.littoral2","2016-09-22T15:41Z","2017-03-24","CRAM.20160922.PONAR.1",,"CRAM.20160922.PONAR.1.TANYTARSUS SP.","TANSP11","Y","Tanytarsus sp.",,"genus","Arthropoda","Hexapoda","Insecta","Pterygota","Neoptera","Holometabola","Diptera","Nematocera","Culicomorpha",,"Chironomidae","Chironominae","Tanytarsini",,"Tanytarsus","sp.",,"larva",1,,1,42,2,"Y","N",,"condition OK","Y",,"Epler 2001","Y","EcoAnalysts Inc.","W. Hoiland","3of this taxon from this sample in Ref. Coll.",,"legacyData"
"e918e678-276e-4096-bea6-83996ba24634","D05","CRAM","CRAM.AOS.riparian.point.09","2016-09-22T15:41Z","2017-04-11","CRAM.20160922.ROOTEDSWEEP.9",,,"ORTSP2","Y","Orthotrichia sp.",,"genus","Arthropoda","Hexapoda","Insecta","Pterygota","Neoptera","Holometabola","Trichoptera",,,"Hydroptiloidea","Hydroptilidae","Hydroptilinae","Orthotrichiini",,"Orthotrichia","sp.",,"larva",1,,7,75,9,"N","N",,"condition OK","Y",,"Wiggins 1996","N","EcoAnalysts Inc.","B. Sloniker",,,"legacyData"
"4b073e5b-47e4-4c48-a2dc-673ac315b46d","D05","CRAM","CRAM.AOS.riparian.point.03","2016-09-22T15:41Z","2017-04-10","CRAM.20160922.ROOTEDSWEEP.3",,,"OXYSP","Y","Oxyethira sp.",,"genus","Arthropoda","Hexapoda","Insecta","Pterygota","Neoptera","Holometabola","Trichoptera",,,"Hydroptiloidea","Hydroptilidae","Hydroptilinae","Hydroptilini",,"Oxyethira","sp.",,"larva",2,,3,53,6,"N","N",,"condition OK","Y",,"Wiggins 1996","N","EcoAnalysts Inc.","B. Sloniker",,,"legacyData"
"a61af5b1-16b1-4f5f-8fd2-a85322024d60","D05","CRAM","CRAM.AOS.littoral1","2016-09-22T15:41Z","2017-03-27","CRAM.20160922.PONAR.2",,,"PSESP18","Y","Pseudochironomus sp.",,"genus","Arthropoda","Hexapoda","Insecta","Pterygota","Neoptera","Holometabola","Diptera","Nematocera","Culicomorpha",,"Chironomidae","Chironominae","Pseudochironomini",,"Pseudochironomus","sp.",,"larva",7,,1,20,5,"N","N",,"condition OK","Y",,"Epler 2001","N","EcoAnalysts Inc.","W. Hoiland",,,"legacyData"
"75c0c0e7-5fa4-483d-845b-7d290ad92486","D05","CRAM","CRAM.AOS.littoral2","2016-09-22T15:41Z","2017-04-10","CRAM.20160922.PONAR.1",,,"BEZSP1","Y","Bezzia/Palpomyia sp.",,"speciesGroup","Arthropoda","Hexapoda","Insecta","Pterygota","Neoptera","Holometabola","Diptera","Nematocera","Culicomorpha",,"Ceratopogonidae","Ceratopogoninae","Palpomyiini",,"Bezzia/Palpomyia","sp.",,"larva",3,"3a",19,42,46,"N","N",,"condition OK","Y",,"Merritt et al. 2008","Y","EcoAnalysts Inc.","B. Sloniker",,,"legacyData"
"1fe9264e-f5fc-49b9-b610-55256a07cfd0","D05","CRAM","CRAM.AOS.littoral1","2016-09-22T15:41Z","2017-03-27","CRAM.20160922.PONAR.2",,,"PROSP23","Y","Procladius sp.",,"genus","Arthropoda","Hexapoda","Insecta","Pterygota","Neoptera","Holometabola","Diptera","Nematocera","Culicomorpha",,"Chironomidae","Tanypodinae","Procladiini",,"Procladius","sp.",,"larva",2,,2,20,10,"N","N",,"condition OK","Y",,"Epler 2001","N","EcoAnalysts Inc.","W. Hoiland",,,"legacyData"
"0dc16e73-d0f3-4011-930e-902c5014234c","D05","CRAM","CRAM.AOS.riparian.point.01","2016-09-22T15:41Z","2017-03-30","CRAM.20160922.ROOTEDSWEEP.1",,,"PSESP19","Y","Psectrocladius sp.",,"genus","Arthropoda","Hexapoda","Insecta","Pterygota","Neoptera","Holometabola","Diptera","Nematocera","Culicomorpha",,"Chironomidae","Orthocladiinae",,,"Psectrocladius","sp.",,"larva",6,,1,36,3,"N","N",,"condition OK","Y",,"Epler 2001","N","EcoAnalysts Inc.","W. Hoiland",,,"legacyData"
"b9728e6a-08d0-400c-aec1-b593d8b52875","D05","CRAM","CRAM.AOS.riparian.point.01","2016-09-22T15:41Z","2017-03-30","CRAM.20160922.ROOTEDSWEEP.1",,"CRAM.20160922.ROOTEDSWEEP.1.POLYPEDILUM SORDENS","POLSOR","Y","Polypedilum sordens",,"species","Arthropoda","Hexapoda","Insecta","Pterygota","Neoptera","Holometabola","Diptera","Nematocera","Culicomorpha",,"Chironomidae","Chironominae","Chironomini",,"Polypedilum","sordens",,"larva",4,,1,36,3,"N","N",,"condition OK","Y",,"Maschwitz and Cook 2000","N","EcoAnalysts Inc.","W. Hoiland","1of this taxon from this sample in Ref. Coll.",,"legacyData"
"6b0b0dd1-8f66-4673-b4b3-2a0fb9797566","D05","CRAM","CRAM.AOS.riparian.point.01","2016-09-22T15:41Z","2017-03-30","CRAM.20160922.ROOTEDSWEEP.1",,"CRAM.20160922.ROOTEDSWEEP.1.GLYPTOTENDIPES SP.","GLYSP3","Y","Glyptotendipes sp.",,"genus","Arthropoda","Hexapoda","Insecta","Pterygota","Neoptera","Holometabola","Diptera","Nematocera","Culicomorpha",,"Chironomidae","Chironominae","Chironomini",,"Glyptotendipes","sp.",,"larva",4,,3,36,8,"N","N",,"condition OK","Y",,"Epler 2001","N","EcoAnalysts Inc.","W. Hoiland","2of this taxon from this sample in Ref. Coll.; Fragment; Measurement is of fragment only",,"legacyData"
"d8dade2f-fde9-4d89-a1ed-7bc706c2b359","D05","CRAM","CRAM.AOS.littoral1","2016-09-22T15:41Z","2017-04-10","CRAM.20160922.PONAR.2",,,"BEZSP1","Y","Bezzia/Palpomyia sp.",,"speciesGroup","Arthropoda","Hexapoda","Insecta","Pterygota","Neoptera","Holometabola","Diptera","Nematocera","Culicomorpha",,"Ceratopogonidae","Ceratopogoninae","Palpomyiini",,"Bezzia/Palpomyia","sp.",,"larva",7,,1,20,5,"N","N",,"condition OK","Y",,"Merritt et al. 2008","N","EcoAnalysts Inc.","B. Sloniker",,,"legacyData"
"390675d5-9cb9-47d7-aaf8-99cc084c708e","D05","CRAM","CRAM.AOS.riparian.point.07","2016-09-22T15:41Z","2017-04-11","CRAM.20160922.ROOTEDSWEEP.7",,,"BEZSP1","Y","Bezzia/Palpomyia sp.",,"speciesGroup","Arthropoda","Hexapoda","Insecta","Pterygota","Neoptera","Holometabola","Diptera","Nematocera","Culicomorpha",,"Ceratopogonidae","Ceratopogoninae","Palpomyiini",,"Bezzia/Palpomyia","sp.",,"larva",5,,2,34,6,"N","N",,"condition OK","Y",,"Merritt et al. 2008","N","EcoAnalysts Inc.","B. Sloniker",,,"legacyData"
"14436d15-705e-4b5d-9d62-09618bb1b401","D05","CRAM","CRAM.AOS.riparian.point.07","2016-09-22T15:41Z","2017-04-03","CRAM.20160922.ROOTEDSWEEP.7",,,"PARSP34","Y","Paratanytarsus sp.",,"genus","Arthropoda","Hexapoda","Insecta","Pterygota","Neoptera","Holometabola","Diptera","Nematocera","Culicomorpha",,"Chironomidae","Chironominae","Tanytarsini",,"Paratanytarsus","sp.",,"larva",2,,1,34,3,"Y","N",,"condition OK","Y",,"Epler 2001","N","EcoAnalysts Inc.","W. Hoiland",,,"legacyData"
"5ad617dd-a3ea-4ed8-b157-04444e96fb05","D05","CRAM","CRAM.AOS.riparian.point.07","2016-09-22T15:41Z","2017-04-03","CRAM.20160922.ROOTEDSWEEP.7",,,"ABLSP","Y","Ablabesmyia sp.",,"genus","Arthropoda","Hexapoda","Insecta","Pterygota","Neoptera","Holometabola","Diptera","Nematocera","Culicomorpha",,"Chironomidae","Tanypodinae","Pentaneurini",,"Ablabesmyia","sp.",,"larva",2,,3,34,9,"Y","N",,"condition OK","N",,"Roback 1985 and Epler 2001","N","EcoAnalysts Inc.","W. Hoiland",,,"legacyData"
"13f321ef-5ef6-48f3-b6f8-4f1f67513e0e","D05","CRAM","CRAM.AOS.riparian.point.01","2016-09-22T15:41Z","2017-03-30","CRAM.20160922.ROOTEDSWEEP.1",,,"MICPED","Y","Microtendipes pedellus gr.",,"speciesGroup","Arthropoda","Hexapoda","Insecta","Pterygota","Neoptera","Holometabola","Diptera","Nematocera","Culicomorpha",,"Chironomidae","Chironominae","Chironomini",,"Microtendipes","pedellus gr.",,"larva",6,,1,36,3,"N","N",,"condition OK","Y",,"Epler 2001","N","EcoAnalysts Inc.","W. Hoiland",,,"legacyData"
"d489cae8-5842-47c9-98ff-ed723164e935","D05","CRAM","CRAM.AOS.riparian.point.07","2016-09-22T15:41Z","2017-04-11","CRAM.20160922.ROOTEDSWEEP.7",,,"BEZSP1","Y","Bezzia/Palpomyia sp.",,"speciesGroup","Arthropoda","Hexapoda","Insecta","Pterygota","Neoptera","Holometabola","Diptera","Nematocera","Culicomorpha",,"Ceratopogonidae","Ceratopogoninae","Palpomyiini",,"Bezzia/Palpomyia","sp.",,"larva",3,,4,34,12,"N","N",,"condition OK","Y",,"Merritt et al. 2008","N","EcoAnalysts Inc.","B. Sloniker",,,"legacyData"
"591b77fd-7e52-404d-9505-df29e022f0e6","D05","CRAM","CRAM.AOS.riparian.point.09","2016-09-22T15:41Z","2017-04-03","CRAM.20160922.ROOTEDSWEEP.9",,,"PARSP34","Y","Paratanytarsus sp.",,"genus","Arthropoda","Hexapoda","Insecta","Pterygota","Neoptera","Holometabola","Diptera","Nematocera","Culicomorpha",,"Chironomidae","Chironominae","Tanytarsini",,"Paratanytarsus","sp.",,"larva",2,,2,75,3,"N","N",,"condition OK","Y",,"Epler 2001","N","EcoAnalysts Inc.","W. Hoiland",,,"legacyData"
"250a99db-19c7-4d41-8c2f-352ada009291","D05","CRAM","CRAM.AOS.riparian.point.05","2016-09-22T15:41Z","2017-03-31","CRAM.20160922.ROOTEDSWEEP.5",,,"DICSP7","Y","Dicrotendipes sp.",,"genus","Arthropoda","Hexapoda","Insecta","Pterygota","Neoptera","Holometabola","Diptera","Nematocera","Culicomorpha",,"Chironomidae","Chironominae","Chironomini",,"Dicrotendipes","sp.",,"larva",1,,1,37,3,"N","N",,"condition OK","Y",,"Epler 1987, 1988, 2001","N","EcoAnalysts Inc.","W. Hoiland",,,"legacyData"
"324d33b9-644d-40e5-a9b7-24cf4a498c3d","D05","CRAM","CRAM.AOS.riparian.point.03","2016-09-22T15:41Z","2017-04-10","CRAM.20160922.ROOTEDSWEEP.3",,,"ENASP","Y","Enallagma sp.",,"genus","Arthropoda","Hexapoda","Insecta","Pterygota","Palaeoptera",,"Odonata","Zygoptera",,,"Coenagrionidae",,,,"Enallagma","sp.",,"larva",4,,1,53,2,"N","N",,"condition OK","Y",,"Westfall and May 1996","N","EcoAnalysts Inc.","B. Sloniker",,,"legacyData"
"288c8373-e662-4888-affd-a71ee52e9622","D05","CRAM","CRAM.AOS.riparian.point.03","2016-09-22T15:41Z","2017-04-17","CRAM.20160922.ROOTEDSWEEP.3",,,"LARSP","Y","Larsia sp.",,"genus","Arthropoda","Hexapoda","Insecta","Pterygota","Neoptera","Holometabola","Diptera","Nematocera","Culicomorpha",,"Chironomidae","Tanypodinae","Pentaneurini",,"Larsia","sp.",,"larva",1,,3,53,6,"N","N",,"condition OK","Y",,"Epler 2001","N","EcoAnalysts Inc.","W. Hoiland",,,"legacyData"
"ecc118b6-2522-4972-bcf1-a01e1f95268f","D05","CRAM","CRAM.AOS.riparian.point.07","2016-09-22T15:41Z","2017-04-11","CRAM.20160922.ROOTEDSWEEP.7",,,"LIBSP","Y","Libellulidae sp.",,"family","Arthropoda","Hexapoda","Insecta","Pterygota","Palaeoptera",,"Odonata","Anisoptera",,,"Libellulidae",,,,,"sp.",,"larva",4,,2,34,6,"N","N",,"condition OK","Y",,"Needham, Westfall and May 2000","N","EcoAnalysts Inc.","B. Sloniker","Immature",,"legacyData"
"2c1e29c4-ef9b-416c-a9ad-8097e306aee8","D05","CRAM","CRAM.AOS.riparian.point.05","2016-09-22T15:41Z","2017-04-11","CRAM.20160922.ROOTEDSWEEP.5",,,"OXYSP","Y","Oxyethira sp.",,"genus","Arthropoda","Hexapoda","Insecta","Pterygota","Neoptera","Holometabola","Trichoptera",,,"Hydroptiloidea","Hydroptilidae","Hydroptilinae","Hydroptilini",,"Oxyethira","sp.",,"larva",2,,5,37,14,"Y","N",,"condition OK","N",,"Wiggins 1996","N","EcoAnalysts Inc.","B. Sloniker",,,"legacyData"
"b4e893ff-19c6-4716-9348-c5bf05709479","D05","CRAM","CRAM.AOS.littoral2","2016-09-22T15:41Z","2017-04-10","CRAM.20160922.PONAR.1",,,"CAESP5","Y","Caenis sp.",,"genus","Arthropoda","Hexapoda","Insecta","Pterygota","Palaeoptera",,"Ephemeroptera","Furcatergalia","Pannota","Caenoidea","Caenidae","Caeninae",,,"Caenis","sp.",,"larva",2,,4,42,10,"N","N",,"condition OK","Y",,"Merritt et al. 2008","Y","EcoAnalysts Inc.","B. Sloniker","Immature",,"legacyData"
"35f5b9e3-5ccd-41ae-a0c0-f06229f05935","D05","CRAM","CRAM.AOS.littoral1","2016-09-22T15:41Z","2017-04-10","CRAM.20160922.PONAR.2",,,"BEZSP1","Y","Bezzia/Palpomyia sp.",,"speciesGroup","Arthropoda","Hexapoda","Insecta","Pterygota","Neoptera","Holometabola","Diptera","Nematocera","Culicomorpha",,"Ceratopogonidae","Ceratopogoninae","Palpomyiini",,"Bezzia/Palpomyia","sp.",,"larva",6,,3,20,15,"N","N",,"condition OK","Y",,"Merritt et al. 2008","N","EcoAnalysts Inc.","B. Sloniker",,,"legacyData"
"dc429662-e37e-478f-ac70-23a2f03b17b2","D05","CRAM","CRAM.AOS.riparian.point.07","2016-09-22T15:41Z","2017-04-03","CRAM.20160922.ROOTEDSWEEP.7",,,"DICSP7","Y","Dicrotendipes sp.",,"genus","Arthropoda","Hexapoda","Insecta","Pterygota","Neoptera","Holometabola","Diptera","Nematocera","Culicomorpha",,"Chironomidae","Chironominae","Chironomini",,"Dicrotendipes","sp.",,"larva",2,,2,34,6,"Y","N",,"condition OK","Y",,"Epler 1987, 1988, 2001","N","EcoAnalysts Inc.","W. Hoiland",,,"legacyData"
"7d19bf7c-20ef-4f38-965c-2bb3803984f7","D05","CRAM","CRAM.AOS.riparian.point.05","2016-09-22T15:41Z","2017-04-11","CRAM.20160922.ROOTEDSWEEP.5",,,"OXYSP","Y","Oxyethira sp.",,"genus","Arthropoda","Hexapoda","Insecta","Pterygota","Neoptera","Holometabola","Trichoptera",,,"Hydroptiloidea","Hydroptilidae","Hydroptilinae","Hydroptilini",,"Oxyethira","sp.",,"larva",1,,8,37,22,"Y","N",,"condition OK","N",,"Wiggins 1996","N","EcoAnalysts Inc.","B. Sloniker",,,"legacyData"
"9f52acc0-0dc4-4019-aaa7-a17b72301c9c","D05","CRAM","CRAM.AOS.littoral2","2016-09-22T15:41Z","2017-03-24","CRAM.20160922.PONAR.1",,"CRAM.20160922.PONAR.1.CLADOTANYTARSUS SP.","CLASP6","Y","Cladotanytarsus sp.",,"genus","Arthropoda","Hexapoda","Insecta","Pterygota","Neoptera","Holometabola","Diptera","Nematocera","Culicomorpha",,"Chironomidae","Chironominae","Tanytarsini",,"Cladotanytarsus","sp.",,"larva",1,,17,42,41,"N","N",,"condition OK","Y",,"Epler 2001","Y","EcoAnalysts Inc.","W. Hoiland","3of this taxon from this sample in Ref. Coll.",,"legacyData"
"b7be39fd-3dba-4e1c-9c31-cfd3d23ed659","D05","CRAM","CRAM.AOS.riparian.point.09","2016-09-22T15:41Z","2017-04-03","CRAM.20160922.ROOTEDSWEEP.9",,,"ENDSP","Y","Endochironomus sp.",,"genus","Arthropoda","Hexapoda","Insecta","Pterygota","Neoptera","Holometabola","Diptera","Nematocera","Culicomorpha",,"Chironomidae","Chironominae","Chironomini",,"Endochironomus","sp.",,"larva",2,,17,75,23,"N","N",,"condition OK","Y",,"Epler 2001","N","EcoAnalysts Inc.","W. Hoiland",,,"legacyData"
"3a19faee-fbc4-4a41-8dc4-cebd5b5c73c8","D05","CRAM","CRAM.AOS.buoy.c0","2016-09-22T15:41Z","2017-03-29","CRAM.20160922.PONAR.3",,"CRAM.20160922.PONAR.3.CRICOTOPUS/ORTHOCLADIUS SP.","CRISP6","Y","Cricotopus/Orthocladius sp.",,"speciesGroup","Arthropoda","Hexapoda","Insecta","Pterygota","Neoptera","Holometabola","Diptera","Nematocera","Culicomorpha",,"Chironomidae","Orthocladiinae",,,"Cricotopus/Orthocladius","sp.",,"larva",2,,1,100,1,"Y","N",,"condition OK","Y",,"Epler 2001","N","EcoAnalysts Inc.","W. Hoiland","1of this taxon from this sample in Ref. Coll.",,"legacyData"
"1b7b8921-9356-4aa1-949f-79eb4722a877","D05","CRAM","CRAM.AOS.riparian.point.05","2016-09-22T15:41Z","2017-04-11","CRAM.20160922.ROOTEDSWEEP.5",,,"CAESP5","Y","Caenis sp.",,"genus","Arthropoda","Hexapoda","Insecta","Pterygota","Palaeoptera",,"Ephemeroptera","Furcatergalia","Pannota","Caenoidea","Caenidae","Caeninae",,,"Caenis","sp.",,"larva",3,,3,37,8,"N","N",,"condition OK","Y",,"Merritt et al. 2008","N","EcoAnalysts Inc.","B. Sloniker","Immature",,"legacyData"
"4b4748b5-0e3d-4afc-852d-a80b86f9b784","D05","CRAM","CRAM.AOS.riparian.point.01","2016-09-22T15:41Z","2017-03-30","CRAM.20160922.ROOTEDSWEEP.1",,,"PSESP19","Y","Psectrocladius sp.",,"genus","Arthropoda","Hexapoda","Insecta","Pterygota","Neoptera","Holometabola","Diptera","Nematocera","Culicomorpha",,"Chironomidae","Orthocladiinae",,,"Psectrocladius","sp.",,"larva",2,,12,36,33,"N","N",,"condition OK","Y",,"Epler 2001","N","EcoAnalysts Inc.","W. Hoiland",,,"legacyData"
"b8bca34f-5265-41c2-8983-d81ba9cf48ad","D05","CRAM","CRAM.AOS.riparian.point.07","2016-09-22T15:41Z","2017-04-03","CRAM.20160922.ROOTEDSWEEP.7",,,"ABLSP","Y","Ablabesmyia sp.",,"genus","Arthropoda","Hexapoda","Insecta","Pterygota","Neoptera","Holometabola","Diptera","Nematocera","Culicomorpha",,"Chironomidae","Tanypodinae","Pentaneurini",,"Ablabesmyia","sp.",,"larva",3,,8,34,24,"N","N",,"condition OK","Y",,"Roback 1985 and Epler 2001","N","EcoAnalysts Inc.","W. Hoiland",,,"legacyData"
"7cea0e38-4ff0-46b7-9a14-ebf8c1896cfc","D05","CRAM","CRAM.AOS.riparian.point.09","2016-09-22T15:41Z","2017-04-03","CRAM.20160922.ROOTEDSWEEP.9",,,"NANSP1","Y","Nanocladius sp.",,"genus","Arthropoda","Hexapoda","Insecta","Pterygota","Neoptera","Holometabola","Diptera","Nematocera","Culicomorpha",,"Chironomidae","Orthocladiinae",,,"Nanocladius","sp.",,"larva",1,,1,75,1,"N","N",,"condition OK","Y",,"Epler 2001","N","EcoAnalysts Inc.","W. Hoiland","Fragment; Measurement is of fragment only",,"legacyData"
"3fc50c6f-c454-4268-9ee2-d1b3a849c97b","D05","CRAM","CRAM.AOS.riparian.point.09","2016-09-22T15:41Z","2017-04-03","CRAM.20160922.ROOTEDSWEEP.9",,,"THIGRO","Y","Thienemannimyia gr.",,"speciesGroup","Arthropoda","Hexapoda","Insecta","Pterygota","Neoptera","Holometabola","Diptera","Nematocera","Culicomorpha",,"Chironomidae","Tanypodinae","Pentaneurini",,"Thienemannimyia","gr.",,"larva",4,,1,75,1,"Y","N",,"condition OK","Y",,"Epler 2001","N","EcoAnalysts Inc.","W. Hoiland",,,"legacyData"
"06b0d256-8d9d-4164-a635-e866460c4b2a","D05","CRAM","CRAM.AOS.riparian.point.07","2016-09-22T15:41Z","2017-04-11","CRAM.20160922.ROOTEDSWEEP.7",,,"ORISP1","Y","Oribatida sp.",,"suborder","Arthropoda","Chelicerata","Arachnida","Acari",,"Acariformes","Sarcoptiformes","Oribatida",,,,,,,,"sp.",,"larva",1,,1,34,3,"N","N",,"condition OK","Y",,"Thorp and Covich 2001","N","EcoAnalysts Inc.","B. Sloniker",,,"legacyData"
"8cd4e497-dfe0-4058-82e5-ee0aa70ce66d","D05","CRAM","CRAM.AOS.riparian.point.09","2016-09-22T15:41Z","2017-04-03","CRAM.20160922.ROOTEDSWEEP.9",,,"DICSP7","Y","Dicrotendipes sp.",,"genus","Arthropoda","Hexapoda","Insecta","Pterygota","Neoptera","Holometabola","Diptera","Nematocera","Culicomorpha",,"Chironomidae","Chironominae","Chironomini",,"Dicrotendipes","sp.",,"larva",4,,2,75,3,"N","N",,"condition OK","Y",,"Epler 1987, 1988, 2001","N","EcoAnalysts Inc.","W. Hoiland","Immature; Not Distinct",,"legacyData"
"70ab0af7-606f-4026-a453-27f98d97a580","D05","CRAM","CRAM.AOS.riparian.point.03","2016-09-22T15:41Z","2017-04-10","CRAM.20160922.ROOTEDSWEEP.3",,,"COESP","Y","Coenagrionidae sp.",,"family","Arthropoda","Hexapoda","Insecta","Pterygota","Palaeoptera",,"Odonata","Zygoptera",,,"Coenagrionidae",,,,,"sp.",,"larva",7,,1,53,2,"N","N",,"condition OK","Y",,"Westfall and May 1996","N","EcoAnalysts Inc.","B. Sloniker","Immature; Indeterminate; sic",,"legacyData"
"3f4d8e3f-a173-4a12-8296-a49cb88c3018","D05","CRAM","CRAM.AOS.riparian.point.01","2016-09-22T15:41Z","2017-03-30","CRAM.20160922.ROOTEDSWEEP.1",,"CRAM.20160922.ROOTEDSWEEP.1.THIENEMANNIMYIA GR.","THIGRO","Y","Thienemannimyia gr.",,"speciesGroup","Arthropoda","Hexapoda","Insecta","Pterygota","Neoptera","Holometabola","Diptera","Nematocera","Culicomorpha",,"Chironomidae","Tanypodinae","Pentaneurini",,"Thienemannimyia","gr.",,"larva",4,,3,36,8,"N","N",,"condition OK","Y",,"Epler 2001","N","EcoAnalysts Inc.","W. Hoiland","3of this taxon from this sample in Ref. Coll.",,"legacyData"
"078f2bec-69fd-4284-b5b2-ec127b88d0ef","D05","CRAM","CRAM.AOS.littoral1","2016-09-22T15:41Z","2017-03-27","CRAM.20160922.PONAR.2",,,"POLTRI2","Y","Polypedilum tritum",,"species","Arthropoda","Hexapoda","Insecta","Pterygota","Neoptera","Holometabola","Diptera","Nematocera","Culicomorpha",,"Chironomidae","Chironominae","Chironomini",,"Polypedilum","tritum",,"larva",1,,4,20,20,"N","N",,"condition OK","Y",,"Epler 2001, and Maschwitz and Cook 2000","N","EcoAnalysts Inc.","W. Hoiland",,,"legacyData"
"0691ace8-b7df-4003-a2ec-120dc4d98918","D05","CRAM","CRAM.AOS.riparian.point.05","2016-09-22T15:41Z","2017-03-31","CRAM.20160922.ROOTEDSWEEP.5",,,"GLYSP3","Y","Glyptotendipes sp.",,"genus","Arthropoda","Hexapoda","Insecta","Pterygota","Neoptera","Holometabola","Diptera","Nematocera","Culicomorpha",,"Chironomidae","Chironominae","Chironomini",,"Glyptotendipes","sp.",,"larva",4,,3,37,8,"N","N",,"condition OK","Y",,"Epler 2001","N","EcoAnalysts Inc.","W. Hoiland",,,"legacyData"
"595fd9a0-2dcc-4247-a96c-983bd6c13be7","D05","CRAM","CRAM.AOS.riparian.point.01","2016-09-22T15:41Z","2017-03-30","CRAM.20160922.ROOTEDSWEEP.1",,"CRAM.20160922.ROOTEDSWEEP.1.ABLABESMYIA (KARELIA)","ABLSP","Y","Ablabesmyia sp.",,"genus","Arthropoda","Hexapoda","Insecta","Pterygota","Neoptera","Holometabola","Diptera","Nematocera","Culicomorpha",,"Chironomidae","Tanypodinae","Pentaneurini",,"Ablabesmyia","sp.",,"larva",1,"1b",1,36,3,"N","N",,"damaged, affecting measurement","Y",,"Roback 1985 and Epler 2001","N","EcoAnalysts Inc.","W. Hoiland","4of this taxon from this sample in Ref. Coll.; Fragment; Measurement is of fragment only",,"legacyData"
"a89d41c3-e622-4d1f-b59e-07c928bb97a6","D05","CRAM","CRAM.AOS.riparian.point.07","2016-09-22T15:41Z","2017-04-11","CRAM.20160922.ROOTEDSWEEP.7",,,"CAESP5","Y","Caenis sp.",,"genus","Arthropoda","Hexapoda","Insecta","Pterygota","Palaeoptera",,"Ephemeroptera","Furcatergalia","Pannota","Caenoidea","Caenidae","Caeninae",,,"Caenis","sp.",,"larva",1,,4,34,12,"N","N",,"condition OK","Y",,"Merritt et al. 2008","N","EcoAnalysts Inc.","B. Sloniker","Immature",,"legacyData"
"85ccc551-0cdc-4a91-80a8-4266d8c0aa04","D05","CRAM","CRAM.AOS.littoral1","2016-09-22T15:41Z","2017-03-27","CRAM.20160922.PONAR.2",,,"POLTRI2","Y","Polypedilum tritum",,"species","Arthropoda","Hexapoda","Insecta","Pterygota","Neoptera","Holometabola","Diptera","Nematocera","Culicomorpha",,"Chironomidae","Chironominae","Chironomini",,"Polypedilum","tritum",,"larva",2,,5,20,25,"N","N",,"condition OK","Y",,"Epler 2001, and Maschwitz and Cook 2000","N","EcoAnalysts Inc.","W. Hoiland",,,"legacyData"
"64cf0a06-eaeb-44dd-b2f6-5976d26fb10c","D05","CRAM","CRAM.AOS.riparian.point.05","2016-09-22T15:41Z","2017-03-31","CRAM.20160922.ROOTEDSWEEP.5",,,"LARSP","Y","Larsia sp.",,"genus","Arthropoda","Hexapoda","Insecta","Pterygota","Neoptera","Holometabola","Diptera","Nematocera","Culicomorpha",,"Chironomidae","Tanypodinae","Pentaneurini",,"Larsia","sp.",,"larva",2,,7,37,19,"N","N",,"condition OK","Y",,"Epler 2001","N","EcoAnalysts Inc.","W. Hoiland",,,"legacyData"
"02913d56-dbf5-4432-86b1-0dce68cdf840","D05","CRAM","CRAM.AOS.riparian.point.09","2016-09-22T15:41Z","2017-04-03","CRAM.20160922.ROOTEDSWEEP.9",,,"ABLSP","Y","Ablabesmyia sp.",,"genus","Arthropoda","Hexapoda","Insecta","Pterygota","Neoptera","Holometabola","Diptera","Nematocera","Culicomorpha",,"Chironomidae","Tanypodinae","Pentaneurini",,"Ablabesmyia","sp.",,"larva",2,,112,75,149,"N","N",,"condition OK","Y",,"Roback 1985 and Epler 2001","N","EcoAnalysts Inc.","W. Hoiland",,,"legacyData"
"d86fb5af-f97d-4aed-b514-29a123a9cf5b","D05","CRAM","CRAM.AOS.riparian.point.07","2016-09-22T15:41Z","2017-04-11","CRAM.20160922.ROOTEDSWEEP.7",,,"ORTSP2","Y","Orthotrichia sp.",,"genus","Arthropoda","Hexapoda","Insecta","Pterygota","Neoptera","Holometabola","Trichoptera",,,"Hydroptiloidea","Hydroptilidae","Hydroptilinae","Orthotrichiini",,"Orthotrichia","sp.",,"larva",2,,2,34,6,"Y","N",,"condition OK","Y",,"Wiggins 1996","N","EcoAnalysts Inc.","B. Sloniker",,,"legacyData"
"529da5e6-33cf-4b47-ac2e-8a56ad0f2598","D05","CRAM","CRAM.AOS.littoral1","2016-09-22T15:41Z","2017-04-10","CRAM.20160922.PONAR.2",,,"ORISP1","Y","Oribatida sp.",,"suborder","Arthropoda","Chelicerata","Arachnida","Acari",,"Acariformes","Sarcoptiformes","Oribatida",,,,,,,,"sp.",,"larva",1,,7,20,35,"N","N",,"condition OK","Y",,"Thorp and Covich 2001","N","EcoAnalysts Inc.","B. Sloniker",,,"legacyData"
"036075d4-93e8-456b-802d-4ce58442614f","D05","CRAM","CRAM.AOS.riparian.point.03","2016-09-22T15:41Z","2017-04-04","CRAM.20160922.ROOTEDSWEEP.3",,,"ABLSP","Y","Ablabesmyia sp.",,"genus","Arthropoda","Hexapoda","Insecta","Pterygota","Neoptera","Holometabola","Diptera","Nematocera","Culicomorpha",,"Chironomidae","Tanypodinae","Pentaneurini",,"Ablabesmyia","sp.",,"larva",2,,8,53,15,"N","N",,"condition OK","Y",,"Roback 1985 and Epler 2001","N","EcoAnalysts Inc.","W. Hoiland",,,"legacyData"
"81577525-309b-4a5e-9392-d03a9282ce19","D05","CRAM","CRAM.AOS.littoral1","2016-09-22T15:41Z","2017-03-27","CRAM.20160922.PONAR.2",,,"CLASP5","Y","Cladopelma sp.",,"genus","Arthropoda","Hexapoda","Insecta","Pterygota","Neoptera","Holometabola","Diptera","Nematocera","Culicomorpha",,"Chironomidae","Chironominae","Chironomini",,"Cladopelma","sp.",,"larva",1,,1,20,5,"N","N",,"condition OK","Y",,"Epler 2001","N","EcoAnalysts Inc.","W. Hoiland",,,"legacyData"
"8047b959-ca52-4bfa-b15c-8220da8705f8","D05","CRAM","CRAM.AOS.riparian.point.09","2016-09-22T15:41Z","2017-04-11","CRAM.20160922.ROOTEDSWEEP.9",,,"OXYSP","Y","Oxyethira sp.",,"genus","Arthropoda","Hexapoda","Insecta","Pterygota","Neoptera","Holometabola","Trichoptera",,,"Hydroptiloidea","Hydroptilidae","Hydroptilinae","Hydroptilini",,"Oxyethira","sp.",,"larva",2,,6,75,8,"N","N",,"condition OK","Y",,"Wiggins 1996","N","EcoAnalysts Inc.","B. Sloniker",,,"legacyData"
"b1720b7c-33ff-4045-ae7e-e3a40f8ac936","D05","CRAM","CRAM.AOS.riparian.point.07","2016-09-22T15:41Z","2017-04-03","CRAM.20160922.ROOTEDSWEEP.7",,,"ZALSP","Y","Zalutschia sp.",,"genus","Arthropoda","Hexapoda","Insecta","Pterygota","Neoptera","Holometabola","Diptera","Nematocera","Culicomorpha",,"Chironomidae","Orthocladiinae",,,"Zalutschia","sp.",,"larva",1,,3,34,9,"N","N",,"condition OK","Y",,"Epler 2001","N","EcoAnalysts Inc.","W. Hoiland",,,"legacyData"
"bd1f8d77-8d80-4d18-bfe6-66549b1779bb","D05","CRAM","CRAM.AOS.riparian.point.05","2016-09-22T15:41Z","2017-03-31","CRAM.20160922.ROOTEDSWEEP.5",,"CRAM.20160922.ROOTEDSWEEP.5.PSECTROCLADIUS SP.","PSESP19","Y","Psectrocladius sp.",,"genus","Arthropoda","Hexapoda","Insecta","Pterygota","Neoptera","Holometabola","Diptera","Nematocera","Culicomorpha",,"Chironomidae","Orthocladiinae",,,"Psectrocladius","sp.",,"larva",2,,9,37,24,"N","N",,"condition OK","Y",,"Epler 2001","N","EcoAnalysts Inc.","W. Hoiland","1of this taxon from this sample in Ref. Coll.",,"legacyData"
"c8eecf6a-d6f0-47bc-a16c-5b118af0fa02","D05","CRAM","CRAM.AOS.riparian.point.07","2016-09-22T15:41Z","2017-04-03","CRAM.20160922.ROOTEDSWEEP.7",,,"ABLSP","Y","Ablabesmyia sp.",,"genus","Arthropoda","Hexapoda","Insecta","Pterygota","Neoptera","Holometabola","Diptera","Nematocera","Culicomorpha",,"Chironomidae","Tanypodinae","Pentaneurini",,"Ablabesmyia","sp.",,"larva",2,,48,34,141,"N","N",,"condition OK","Y",,"Roback 1985 and Epler 2001","N","EcoAnalysts Inc.","W. Hoiland",,,"legacyData"
"6cf858a1-9e59-4de9-b9a8-b88227f79c8a","D05","CRAM","CRAM.AOS.riparian.point.03","2016-09-22T15:41Z","2017-03-31","CRAM.20160922.ROOTEDSWEEP.3",,"CRAM.20160922.ROOTEDSWEEP.3.PARAKIEFFERIELLA SP.","PARSP25","Y","Parakiefferiella sp.",,"genus","Arthropoda","Hexapoda","Insecta","Pterygota","Neoptera","Holometabola","Diptera","Nematocera","Culicomorpha",,"Chironomidae","Orthocladiinae",,,"Parakiefferiella","sp.",,"larva",2,,8,53,15,"N","N",,"condition OK","Y",,"Epler 2001","N","EcoAnalysts Inc.","W. Hoiland","1of this taxon from this sample in Ref. Coll.",,"legacyData"
"a4451952-bfbb-4dc5-8451-5e6dda28c619","D05","CRAM","CRAM.AOS.littoral2","2016-09-22T15:41Z","2017-04-10","CRAM.20160922.PONAR.1",,,"PISSP2","Y","Pisidiidae sp.",,"family","Mollusca",,"Bivalvia","Heterodonta",,,"Veneroida",,,"Corbiculoidea","Pisidiidae",,,,,"sp.",,"none",1,,3,42,7,"N","N",,"condition OK","Y",,"Thorp and Covich 2001","Y","EcoAnalysts Inc.","B. Sloniker","Immature",,"legacyData"
"a8ece506-5d27-4774-9109-fc275ca1984f","D05","CRAM","CRAM.AOS.littoral2","2016-09-22T15:41Z","2017-04-06","CRAM.20160922.PONAR.1",,,"PAGSP5","Y","Pagastiella sp.",,"genus","Arthropoda","Hexapoda","Insecta","Pterygota","Neoptera","Holometabola","Diptera","Nematocera","Culicomorpha",,"Chironomidae","Chironominae","Chironomini",,"Pagastiella","sp.",,"larva",1,,1,42,2,"N","N",,"condition OK","Y",,"Epler 2001","Y","EcoAnalysts Inc.","W. Hoiland","1of this taxon from this sample in Ref. Coll.",,"legacyData"
"4e5e3644-7d09-49c1-b911-593f7e2fd90b","D05","CRAM","CRAM.AOS.riparian.point.09","2016-09-22T15:41Z","2017-03-17","CRAM.20160922.ROOTEDSWEEP.9",,"CRAM.20160922.ROOTEDSWEEP.9.OLIGOCHAETE_1/1","STYLAC","Y","Stylaria lacustris",,"species","Annelida","Clitellata","Oligochaeta","Oligochaeta",,,"Tubificida",,,,"Naididae","Naidinae",,,"Stylaria","lacustris",,"none",2,,1,75,1,"N","N",,"condition OK","Y",,"Kathman and Brinkhurst 1998","N","EcoAnalysts Inc.","L. Flaherty","Fragment; Measurement is of fragment only",,"legacyData"
"54cde29b-eabd-469b-a6a1-5454ec076e12","D05","CRAM","CRAM.AOS.riparian.point.03","2016-09-22T15:41Z","2017-04-10","CRAM.20160922.ROOTEDSWEEP.3",,,"OXYSP","Y","Oxyethira sp.",,"genus","Arthropoda","Hexapoda","Insecta","Pterygota","Neoptera","Holometabola","Trichoptera",,,"Hydroptiloidea","Hydroptilidae","Hydroptilinae","Hydroptilini",,"Oxyethira","sp.",,"larva",1,,6,53,11,"N","N",,"condition OK","Y",,"Wiggins 1996","N","EcoAnalysts Inc.","B. Sloniker",,,"legacyData"
"33c25931-722b-4c19-9961-37178770d0fd","D05","CRAM","CRAM.AOS.riparian.point.09","2016-09-22T15:41Z","2017-04-03","CRAM.20160922.ROOTEDSWEEP.9",,,"PSESP19","Y","Psectrocladius sp.",,"genus","Arthropoda","Hexapoda","Insecta","Pterygota","Neoptera","Holometabola","Diptera","Nematocera","Culicomorpha",,"Chironomidae","Orthocladiinae",,,"Psectrocladius","sp.",,"larva",1,,1,75,1,"N","N",,"condition OK","Y",,"Epler 2001","N","EcoAnalysts Inc.","W. Hoiland",,,"legacyData"
"b5ed2e1e-7c5d-4e25-9f33-8e7d974f019e","D05","CRAM","CRAM.AOS.riparian.point.09","2016-09-22T15:41Z","2017-04-03","CRAM.20160922.ROOTEDSWEEP.9",,,"THIGRO","Y","Thienemannimyia gr.",,"speciesGroup","Arthropoda","Hexapoda","Insecta","Pterygota","Neoptera","Holometabola","Diptera","Nematocera","Culicomorpha",,"Chironomidae","Tanypodinae","Pentaneurini",,"Thienemannimyia","gr.",,"larva",2,,2,75,3,"N","N",,"condition OK","Y",,"Epler 2001","N","EcoAnalysts Inc.","W. Hoiland",,,"legacyData"
"5915ac64-7915-4860-8ca6-0a3b2190d148","D05","CRAM","CRAM.AOS.riparian.point.09","2016-09-22T15:41Z","2017-04-03","CRAM.20160922.ROOTEDSWEEP.9",,,"DICSP7","Y","Dicrotendipes sp.",,"genus","Arthropoda","Hexapoda","Insecta","Pterygota","Neoptera","Holometabola","Diptera","Nematocera","Culicomorpha",,"Chironomidae","Chironominae","Chironomini",,"Dicrotendipes","sp.",,"larva",2,,3,75,4,"Y","N",,"condition OK","Y",,"Epler 1987, 1988, 2001","N","EcoAnalysts Inc.","W. Hoiland","Immature; Not Distinct",,"legacyData"
"05a469e8-b0fd-431b-b3d7-a00a685655ea","D05","CRAM","CRAM.AOS.riparian.point.07","2016-09-22T15:41Z","2017-04-11","CRAM.20160922.ROOTEDSWEEP.7",,,"SMISP","Y","Sminthuridae sp.",,"family","Arthropoda","Hexapoda","Collembola",,,,"Collembola","Symphypleona",,"Sminthuroidea","Sminthuridae",,,,,"sp.",,"larva",2,,1,34,3,"N","N",,"condition OK","Y",,"Merritt et al. 2008","N","EcoAnalysts Inc.","B. Sloniker",,,"legacyData"
"62c34920-c662-4599-a8a2-8ff11628fc81","D05","CRAM","CRAM.AOS.littoral2","2016-09-22T15:41Z","2017-03-24","CRAM.20160922.PONAR.1",,"CRAM.20160922.PONAR.1.PROCLADIUS SP.","PROSP23","Y","Procladius sp.",,"genus","Arthropoda","Hexapoda","Insecta","Pterygota","Neoptera","Holometabola","Diptera","Nematocera","Culicomorpha",,"Chironomidae","Tanypodinae","Procladiini",,"Procladius","sp.",,"larva",3,,3,42,7,"Y","Y",,"condition OK","Y",,"Epler 2001","Y","EcoAnalysts Inc.","W. Hoiland","3of this taxon from this sample in Ref. Coll.",,"legacyData"
"6ca63c0c-594a-45a5-9363-959212eb2dd2","D05","CRAM","CRAM.AOS.riparian.point.07","2016-09-22T15:41Z","2017-04-14","CRAM.20160922.ROOTEDSWEEP.7",,,"DIXSP2","Y","Dixella sp.",,"genus","Arthropoda","Hexapoda","Insecta","Pterygota","Neoptera","Holometabola","Diptera","Nematocera","Culicomorpha",,"Dixidae",,,,"Dixella","sp.",,"larva",5,,1,34,3,"N","N",,"condition OK","Y",,"Merritt et al. 2008","N","EcoAnalysts Inc.","B. Sloniker","1of this taxon from this sample in Ref. Coll.",,"legacyData"
"22ea9ac3-df64-4ef3-be62-93a355a0406e","D05","CRAM","CRAM.AOS.riparian.point.09","2016-09-22T15:41Z","2017-04-11","CRAM.20160922.ROOTEDSWEEP.9",,,"PODAQU","Y","Podura aquatica",,"species","Arthropoda","Hexapoda","Collembola",,,,"Collembola","Poduromorpha",,"Poduroidea","Poduridae",,,,"Podura","aquatica",,"larva",1,,3,75,4,"N","N",,"condition OK","Y",,"Merritt et al. 2008","N","EcoAnalysts Inc.","B. Sloniker",,,"legacyData"
"c4f7f1db-85c7-4cb3-9c23-eaceb1e26168","D05","CRAM","CRAM.AOS.littoral1","2016-09-22T15:41Z","2017-03-17","CRAM.20160922.PONAR.2",,"CRAM.20160922.PONAR.2_OLIGOCHAETE_1/1","ENCSP1","Y","Enchytraeidae sp.",,"family","Annelida","Clitellata","Oligochaeta","Oligochaeta",,,"Enchytraeida",,,,"Enchytraeidae",,,,,"sp.",,"none",3,"3b",1,20,5,"N","N",,"damaged, affecting measurement","Y",,"Kathman and Brinkhurst 1999","N","EcoAnalysts Inc.","L. Flaherty","Fragment; Measurement is of fragment only",,"legacyData"
"45165c4e-795e-4819-9592-95f5b8bae588","D05","CRAM","CRAM.AOS.riparian.point.09","2016-09-22T15:41Z","2017-04-11","CRAM.20160922.ROOTEDSWEEP.9",,,"NEMSP","Y","Nematoda sp.",,"phylum","Nematoda",,,,,,,,,,,,,,,"sp.",,"none",2,,2,75,3,"N","N",,"condition OK","Y",,"Thorp and Covich 2001","N","EcoAnalysts Inc.","B. Sloniker",,,"legacyData"
"2fa0fc85-caad-478d-a237-14fc4b9890e2","D05","CRAM","CRAM.AOS.riparian.point.03","2016-09-22T15:41Z","2017-04-10","CRAM.20160922.ROOTEDSWEEP.3",,,"COESP","Y","Coenagrionidae sp.",,"family","Arthropoda","Hexapoda","Insecta","Pterygota","Palaeoptera",,"Odonata","Zygoptera",,,"Coenagrionidae",,,,,"sp.",,"larva",3,,1,53,2,"N","N",,"condition OK","Y",,"Westfall and May 1996","N","EcoAnalysts Inc.","B. Sloniker","Immature; Indeterminate",,"legacyData"
"5cbd9251-b9f8-4299-91cf-c0a4cd254b02","D05","CRAM","CRAM.AOS.littoral2","2016-09-22T15:41Z","2017-03-24","CRAM.20160922.PONAR.1",,"CRAM.20160922.PONAR.1.PSECTROCLADIUS SP.","PSESP19","Y","Psectrocladius sp.",,"genus","Arthropoda","Hexapoda","Insecta","Pterygota","Neoptera","Holometabola","Diptera","Nematocera","Culicomorpha",,"Chironomidae","Orthocladiinae",,,"Psectrocladius","sp.",,"larva",3,,1,42,2,"Y","N",,"condition OK","N",,"Epler 2001","Y","EcoAnalysts Inc.","W. Hoiland","3of this taxon from this sample in Ref. Coll.",,"legacyData"
"b4fc45f6-53f5-48af-893b-21237256ff61","D05","CRAM","CRAM.AOS.littoral1","2016-09-22T15:41Z","2017-03-27","CRAM.20160922.PONAR.2",,,"TANSP11","Y","Tanytarsus sp.",,"genus","Arthropoda","Hexapoda","Insecta","Pterygota","Neoptera","Holometabola","Diptera","Nematocera","Culicomorpha",,"Chironomidae","Chironominae","Tanytarsini",,"Tanytarsus","sp.",,"larva",6,,1,20,5,"N","N",,"condition OK","Y",,"Epler 2001","N","EcoAnalysts Inc.","W. Hoiland",,,"legacyData"
"36780f4e-4724-44ae-b86e-1e8b28879a96","D05","CRAM","CRAM.AOS.riparian.point.07","2016-09-22T15:41Z","2017-04-03","CRAM.20160922.ROOTEDSWEEP.7",,,"ZAVMAR","Y","Zavreliella marmorata",,"species","Arthropoda","Hexapoda","Insecta","Pterygota","Neoptera","Holometabola","Diptera","Nematocera","Culicomorpha",,"Chironomidae","Chironominae","Tanytarsini",,"Zavreliella","marmorata",,"larva",2,,1,34,3,"N","N",,"condition OK","Y",,"Epler 2001","N","EcoAnalysts Inc.","W. Hoiland",,,"legacyData"
"e0adddf6-ee6b-4e4b-99de-2e5110be8248","D05","CRAM","CRAM.AOS.riparian.point.01","2016-09-22T15:41Z","2017-03-30","CRAM.20160922.ROOTEDSWEEP.1",,,"TANSP11","Y","Tanytarsus sp.",,"genus","Arthropoda","Hexapoda","Insecta","Pterygota","Neoptera","Holometabola","Diptera","Nematocera","Culicomorpha",,"Chironomidae","Chironominae","Tanytarsini",,"Tanytarsus","sp.",,"larva",1,,14,36,39,"N","N",,"condition OK","Y",,"Epler 2001","N","EcoAnalysts Inc.","W. Hoiland",,,"legacyData"
"ef715319-1dba-4b38-92ca-f9e410ab5306","D05","CRAM","CRAM.AOS.littoral1","2016-09-22T15:41Z","2017-03-27","CRAM.20160922.PONAR.2",,,"DICSP7","Y","Dicrotendipes sp.",,"genus","Arthropoda","Hexapoda","Insecta","Pterygota","Neoptera","Holometabola","Diptera","Nematocera","Culicomorpha",,"Chironomidae","Chironominae","Chironomini",,"Dicrotendipes","sp.",,"larva",3,,4,20,20,"N","N",,"condition OK","Y",,"Epler 1987, 1988, 2001","N","EcoAnalysts Inc.","W. Hoiland","Immature",,"legacyData"
"fd9254be-38a8-4dd5-8ee6-64fa2d7039b9","D05","CRAM","CRAM.AOS.littoral1","2016-09-22T15:41Z","2017-04-10","CRAM.20160922.PONAR.2",,,"COESP","Y","Coenagrionidae sp.",,"family","Arthropoda","Hexapoda","Insecta","Pterygota","Palaeoptera",,"Odonata","Zygoptera",,,"Coenagrionidae",,,,,"sp.",,"larva",2,,1,20,5,"N","N",,"condition OK","Y",,"Westfall and May 1996","N","EcoAnalysts Inc.","B. Sloniker","Immature",,"legacyData"
"66595a10-91f5-4ea1-bdf9-5a8c7e133d2d","D05","CRAM","CRAM.AOS.littoral2","2016-09-22T15:41Z","2017-04-06","CRAM.20160922.PONAR.1",,"CRAM.20160922.PONAR.1.LARSIA SP.","LARSP","Y","Larsia sp.",,"genus","Arthropoda","Hexapoda","Insecta","Pterygota","Neoptera","Holometabola","Diptera","Nematocera","Culicomorpha",,"Chironomidae","Tanypodinae","Pentaneurini",,"Larsia","sp.",,"larva",1,,24,42,58,"N","N",,"condition OK","Y",,"Epler 2001","Y","EcoAnalysts Inc.","W. Hoiland","1of this taxon from this sample in Ref. Coll.",,"legacyData"
"b846047f-30bb-47e9-a8bd-70b9c3405e7a","D05","CRAM","CRAM.AOS.riparian.point.05","2016-09-22T15:41Z","2017-04-11","CRAM.20160922.ROOTEDSWEEP.5",,,"OXYSP","Y","Oxyethira sp.",,"genus","Arthropoda","Hexapoda","Insecta","Pterygota","Neoptera","Holometabola","Trichoptera",,,"Hydroptiloidea","Hydroptilidae","Hydroptilinae","Hydroptilini",,"Oxyethira","sp.",,"larva",3,,1,37,3,"Y","N",,"condition OK","N",,"Wiggins 1996","N","EcoAnalysts Inc.","B. Sloniker",,,"legacyData"
"810c904e-6248-4f94-8364-509cb9d70ab7","D05","CRAM","CRAM.AOS.riparian.point.07","2016-09-22T15:41Z","2017-04-17","CRAM.20160922.ROOTEDSWEEP.7",,,"LIMSP5","Y","Limnephilidae sp.",,"family","Arthropoda","Hexapoda","Insecta","Pterygota","Neoptera","Holometabola","Trichoptera",,,"Limnephiloidea","Limnephilidae",,,,,"sp.",,"larva",1,,1,34,3,"N","N",,"condition OK","Y",,"Wiggins 1996","N","EcoAnalysts Inc.","B. Sloniker","Immature; Fragment; Measurement is of fragment only",,"legacyData"
"e49c28f8-c584-4cf7-b9d0-3f72afd7075f","D05","CRAM","CRAM.AOS.riparian.point.05","2016-09-22T15:41Z","2017-04-11","CRAM.20160922.ROOTEDSWEEP.5",,,"POLSP12","Y","Polycentropus sp.",,"genus","Arthropoda","Hexapoda","Insecta","Pterygota","Neoptera","Holometabola","Trichoptera",,,"Hydropsychoidea","Polycentropodidae","Polycentropodinae",,,"Polycentropus","sp.",,"larva",4,,1,37,3,"Y","N",,"condition OK","N",,"Wiggins 1996","N","EcoAnalysts Inc.","B. Sloniker",,,"legacyData"
"fd381175-bb01-4b8c-87d1-1043a2e75f79","D05","CRAM","CRAM.AOS.littoral1","2016-09-22T15:41Z","2017-03-27","CRAM.20160922.PONAR.2",,,"TANSP11","Y","Tanytarsus sp.",,"genus","Arthropoda","Hexapoda","Insecta","Pterygota","Neoptera","Holometabola","Diptera","Nematocera","Culicomorpha",,"Chironomidae","Chironominae","Tanytarsini",,"Tanytarsus","sp.",,"larva",2,,2,20,10,"N","N",,"condition OK","Y",,"Epler 2001","N","EcoAnalysts Inc.","W. Hoiland",,,"legacyData"
"b418bacd-2541-4a6b-9dfc-413ed10149b5","D05","CRAM","CRAM.AOS.riparian.point.01","2016-09-22T15:41Z","2017-03-17","CRAM.20160922.ROOTEDSWEEP.1",,"CRAM.20160922.ROOTEDSWEEP.1_OLIGOCHAETE_1/1","NAISP1","Y","Nais sp.",,"genus","Annelida","Clitellata","Oligochaeta","Oligochaeta",,,"Tubificida",,,,"Naididae","Naidinae",,,"Nais","sp.",,"none",2,,1,36,3,"N","N",,"condition OK","Y",,"Kathman and Brinkhurst 1998","N","EcoAnalysts Inc.","L. Flaherty",,,"legacyData"
"8d32e15e-06fc-412f-9c3e-cb45112b678e","D05","CRAM","CRAM.AOS.riparian.point.01","2016-09-22T15:41Z","2017-03-30","CRAM.20160922.ROOTEDSWEEP.1",,,"CHISP8","Y","Chironomus sp.",,"genus","Arthropoda","Hexapoda","Insecta","Pterygota","Neoptera","Holometabola","Diptera","Nematocera","Culicomorpha",,"Chironomidae","Chironominae","Chironomini",,"Chironomus","sp.",,"larva",1,"1a",3,36,8,"N","N",,"condition OK","Y",,"Epler 2001","N","EcoAnalysts Inc.","W. Hoiland",,,"legacyData"
"134770b0-acfc-47cc-99ea-15fccaa70fb5","D05","CRAM","CRAM.AOS.littoral1","2016-09-22T15:41Z","2017-03-27","CRAM.20160922.PONAR.2",,,"PSESP18","Y","Pseudochironomus sp.",,"genus","Arthropoda","Hexapoda","Insecta","Pterygota","Neoptera","Holometabola","Diptera","Nematocera","Culicomorpha",,"Chironomidae","Chironominae","Pseudochironomini",,"Pseudochironomus","sp.",,"larva",1,,2,20,10,"N","N",,"condition OK","Y",,"Epler 2001","N","EcoAnalysts Inc.","W. Hoiland",,,"legacyData"
"12124094-591c-4d2f-847a-909c14220f9c","D05","CRAM","CRAM.AOS.riparian.point.07","2016-09-22T15:41Z","2017-04-03","CRAM.20160922.ROOTEDSWEEP.7",,,"THIGRO","Y","Thienemannimyia gr.",,"speciesGroup","Arthropoda","Hexapoda","Insecta","Pterygota","Neoptera","Holometabola","Diptera","Nematocera","Culicomorpha",,"Chironomidae","Tanypodinae","Pentaneurini",,"Thienemannimyia","gr.",,"larva",4,,2,34,6,"N","N",,"condition OK","Y",,"Epler 2001","N","EcoAnalysts Inc.","W. Hoiland",,,"legacyData"
"843dc20e-80d8-42f4-bb0f-183994dc4b7f","D05","CRAM","CRAM.AOS.littoral1","2016-09-22T15:41Z","2017-03-27","CRAM.20160922.PONAR.2",,,"TANSP11","Y","Tanytarsus sp.",,"genus","Arthropoda","Hexapoda","Insecta","Pterygota","Neoptera","Holometabola","Diptera","Nematocera","Culicomorpha",,"Chironomidae","Chironominae","Tanytarsini",,"Tanytarsus","sp.",,"larva",4,,3,20,15,"N","N",,"condition OK","Y",,"Epler 2001","N","EcoAnalysts Inc.","W. Hoiland",,,"legacyData"
"b52019f8-754d-4d25-95f3-3bd848dc77c6","D05","CRAM","CRAM.AOS.riparian.point.09","2016-09-22T15:41Z","2017-04-03","CRAM.20160922.ROOTEDSWEEP.9",,,"PARSP25","Y","Parakiefferiella sp.",,"genus","Arthropoda","Hexapoda","Insecta","Pterygota","Neoptera","Holometabola","Diptera","Nematocera","Culicomorpha",,"Chironomidae","Orthocladiinae",,,"Parakiefferiella","sp.",,"larva",2,,1,75,1,"Y","N",,"condition OK","N",,"Epler 2001","N","EcoAnalysts Inc.","W. Hoiland",,,"legacyData"
"4cba4a89-1224-4ebe-9ed3-c4a7946d1608","D05","CRAM","CRAM.AOS.riparian.point.07","2016-09-22T15:41Z","2017-04-11","CRAM.20160922.ROOTEDSWEEP.7",,,"ORTSP2","Y","Orthotrichia sp.",,"genus","Arthropoda","Hexapoda","Insecta","Pterygota","Neoptera","Holometabola","Trichoptera",,,"Hydroptiloidea","Hydroptilidae","Hydroptilinae","Orthotrichiini",,"Orthotrichia","sp.",,"larva",1,,1,34,3,"N","N",,"condition OK","Y",,"Wiggins 1996","N","EcoAnalysts Inc.","B. Sloniker",,,"legacyData"
"882a7359-f65e-4043-a204-318d9cbdf683","D05","CRAM","CRAM.AOS.riparian.point.01","2016-09-22T15:41Z","2017-03-30","CRAM.20160922.ROOTEDSWEEP.1",,"CRAM.20160922.ROOTEDSWEEP.1.CORYNONEURA SP.","CORSP19","Y","Corynoneura sp.",,"genus","Arthropoda","Hexapoda","Insecta","Pterygota","Neoptera","Holometabola","Diptera","Nematocera","Culicomorpha",,"Chironomidae","Orthocladiinae",,,"Corynoneura","sp.",,"larva",1,"1b",1,36,3,"N","N",,"damaged, affecting measurement","Y",,"Epler 2001","N","EcoAnalysts Inc.","W. Hoiland","3of this taxon from this sample in Ref. Coll.; Fragment; Measurement is of fragment only",,"legacyData"
"a58a0380-33e5-4334-be75-4299b61dfbf6","D05","CRAM","CRAM.AOS.riparian.point.09","2016-09-22T15:41Z","2017-04-03","CRAM.20160922.ROOTEDSWEEP.9",,,"ABLSP","Y","Ablabesmyia sp.",,"genus","Arthropoda","Hexapoda","Insecta","Pterygota","Neoptera","Holometabola","Diptera","Nematocera","Culicomorpha",,"Chironomidae","Tanypodinae","Pentaneurini",,"Ablabesmyia","sp.",,"larva",2,,1,75,1,"Y","N",,"condition OK","N",,"Roback 1985 and Epler 2001","N","EcoAnalysts Inc.","W. Hoiland",,,"legacyData"
"2214370e-7592-4f96-896a-cf8229e31213","D05","CRAM","CRAM.AOS.littoral2","2016-09-22T15:41Z","2017-03-27","CRAM.20160922.PONAR.1",,"CRAM.20160922.PONAR.1.ORTHOCLADIUS SP.","ORTSP3","Y","Orthocladius sp.",,"genus","Arthropoda","Hexapoda","Insecta","Pterygota","Neoptera","Holometabola","Diptera","Nematocera","Culicomorpha",,"Chironomidae","Orthocladiinae",,,"Orthocladius","sp.",,"larva",3,,1,42,2,"N","N",,"condition OK","Y",,"Epler 2001","Y","EcoAnalysts Inc.","W. Hoiland","1of this taxon from this sample in Ref. Coll.",,"legacyData"
"532cf1fb-d5dd-4688-9033-72ca0ebb9346","D05","CRAM","CRAM.AOS.buoy.c0","2016-09-22T15:41Z","2017-04-10","CRAM.20160922.PONAR.3",,,"CHASP13","Y","Chaoborus sp.",,"genus","Arthropoda","Hexapoda","Insecta","Pterygota","Neoptera","Holometabola","Diptera","Nematocera","Culicomorpha",,"Chaoboridae","Chaoborinae",,,"Chaoborus","sp.",,"larva",7,,1,100,1,"Y","N",,"condition OK","Y",,"Merritt et al. 2008","N","EcoAnalysts Inc.","B. Sloniker","1of this taxon from this sample in Ref. Coll.",,"legacyData"
"af1fdd8c-9dce-4903-88f8-283203a460c1","D05","CRAM","CRAM.AOS.littoral1","2016-09-22T15:41Z","2017-04-10","CRAM.20160922.PONAR.2",,,"BEZSP1","Y","Bezzia/Palpomyia sp.",,"speciesGroup","Arthropoda","Hexapoda","Insecta","Pterygota","Neoptera","Holometabola","Diptera","Nematocera","Culicomorpha",,"Ceratopogonidae","Ceratopogoninae","Palpomyiini",,"Bezzia/Palpomyia","sp.",,"larva",3,"3b",1,20,5,"N","N",,"damaged, affecting measurement","Y",,"Merritt et al. 2008","N","EcoAnalysts Inc.","B. Sloniker","Fragment; Measurement is of fragment only",,"legacyData"
"1a45503f-9dcd-4ef7-92a9-70d1c59b5af7","D05","CRAM","CRAM.AOS.littoral1","2016-09-22T15:41Z","2017-03-27","CRAM.20160922.PONAR.2",,"CRAM.20160922.PONAR.2.ABLABESMYIA SP.","ABLSP","Y","Ablabesmyia sp.","Ablabesmyia (Karelia) sp.","genus","Arthropoda","Hexapoda","Insecta","Pterygota","Neoptera","Holometabola","Diptera","Nematocera","Culicomorpha",,"Chironomidae","Tanypodinae","Pentaneurini",,"Ablabesmyia","sp.",,"larva",2,,2,20,10,"N","N",,"condition OK","Y",,"Epler 2001","N","EcoAnalysts Inc.","W. Hoiland","2of this taxon from this sample in Ref. Coll.",,"legacyData"
"03cd9419-30ba-4a66-ba3a-a5d96a8b126d","D05","CRAM","CRAM.AOS.littoral2","2016-09-22T15:41Z","2017-03-27","CRAM.20160922.PONAR.1",,"CRAM.20160922.PONAR.1.POLYPEDILUM HALTERALE GR.","POLHAL","Y","Polypedilum halterale gr.",,"speciesGroup","Arthropoda","Hexapoda","Insecta","Pterygota","Neoptera","Holometabola","Diptera","Nematocera","Culicomorpha",,"Chironomidae","Chironominae","Chironomini",,"Polypedilum","halterale gr.",,"larva",2,,2,42,5,"N","N",,"condition OK","Y",,"Epler 2001, and Maschwitz and Cook 2000","Y","EcoAnalysts Inc.","W. Hoiland","2of this taxon from this sample in Ref. Coll.",,"legacyData"
"9f960c6c-559b-4820-92b9-86519f55dbe6","D05","CRAM","CRAM.AOS.littoral1","2016-09-22T15:41Z","2017-03-27","CRAM.20160922.PONAR.2",,,"CLASP6","Y","Cladotanytarsus sp.",,"genus","Arthropoda","Hexapoda","Insecta","Pterygota","Neoptera","Holometabola","Diptera","Nematocera","Culicomorpha",,"Chironomidae","Chironominae","Tanytarsini",,"Cladotanytarsus","sp.",,"larva",1,,2,20,10,"N","N",,"condition OK","Y",,"Epler 2001","N","EcoAnalysts Inc.","W. Hoiland",,,"legacyData"
"33aee6ec-4e2c-4958-ab1e-cc85a3d88135","D05","CRAM","CRAM.AOS.riparian.point.05","2016-09-22T15:41Z","2017-04-17","CRAM.20160922.ROOTEDSWEEP.5",,,"ZAVMAR","Y","Zavreliella marmorata",,"species","Arthropoda","Hexapoda","Insecta","Pterygota","Neoptera","Holometabola","Diptera","Nematocera","Culicomorpha",,"Chironomidae","Chironominae","Tanytarsini",,"Zavreliella","marmorata",,"larva",3,,1,37,3,"N","N",,"condition OK","Y",,"Epler 2001","N","EcoAnalysts Inc.","W. Hoiland",,,"legacyData"
"6ce4ceb7-e23c-4ccd-991a-312516cace5f","D05","CRAM","CRAM.AOS.riparian.point.03","2016-09-22T15:41Z","2017-03-17","CRAM.20160922.ROOTEDSWEEP.3",,"CRAM.20160922.ROOTEDSWEEP.3_OLIGOCHAETE_1/1","STYLAC","Y","Stylaria lacustris",,"species","Annelida","Clitellata","Oligochaeta","Oligochaeta",,,"Tubificida",,,,"Naididae","Naidinae",,,"Stylaria","lacustris",,"none",2,,1,53,2,"N","N",,"condition OK","Y",,"Kathman and Brinkhurst 1998","N","EcoAnalysts Inc.","L. Flaherty","Fragment; Measurement is of fragment only",,"legacyData"
"2d046df8-af1d-4a6e-b088-93463a0e4e57","D05","CRAM","CRAM.AOS.riparian.point.03","2016-09-22T15:41Z","2017-03-31","CRAM.20160922.ROOTEDSWEEP.3",,,"PSESP19","Y","Psectrocladius sp.",,"genus","Arthropoda","Hexapoda","Insecta","Pterygota","Neoptera","Holometabola","Diptera","Nematocera","Culicomorpha",,"Chironomidae","Orthocladiinae",,,"Psectrocladius","sp.",,"larva",3,,1,53,2,"N","N",,"condition OK","Y",,"Epler 2001","N","EcoAnalysts Inc.","W. Hoiland",,,"legacyData"
"ca6bf8c3-b27d-4630-a2e9-b89e53d8662d","D05","CRAM","CRAM.AOS.littoral2","2016-09-22T15:41Z","2017-03-27","CRAM.20160922.PONAR.1",,"CRAM.20160922.PONAR.1.NILOTHAUMA SP.","NILSP1","Y","Nilothauma sp.",,"genus","Arthropoda","Hexapoda","Insecta","Pterygota","Neoptera","Holometabola","Diptera","Nematocera","Culicomorpha",,"Chironomidae","Chironominae","Chironomini",,"Nilothauma","sp.",,"larva",1,,2,42,5,"N","N",,"condition OK","Y",,"Epler 2001","Y","EcoAnalysts Inc.","W. Hoiland","1of this taxon from this sample in Ref. Coll.",,"legacyData"
"34275983-969a-4b51-9e44-59b340934b41","D05","CRAM","CRAM.AOS.riparian.point.07","2016-09-22T15:41Z","2017-04-03","CRAM.20160922.ROOTEDSWEEP.7",,,"PSESP19","Y","Psectrocladius sp.",,"genus","Arthropoda","Hexapoda","Insecta","Pterygota","Neoptera","Holometabola","Diptera","Nematocera","Culicomorpha",,"Chironomidae","Orthocladiinae",,,"Psectrocladius","sp.",,"larva",2,,4,34,12,"N","N",,"condition OK","Y",,"Epler 2001","N","EcoAnalysts Inc.","W. Hoiland",,,"legacyData"
"ef064875-84fc-4aba-a81a-a841d56d9e1e","D05","CRAM","CRAM.AOS.riparian.point.01","2016-09-22T15:41Z","2017-03-30","CRAM.20160922.ROOTEDSWEEP.1",,"CRAM.20160922.ROOTEDSWEEP.1.THIENEMANNIMYIA GR.","THIGRO","Y","Thienemannimyia gr.",,"speciesGroup","Arthropoda","Hexapoda","Insecta","Pterygota","Neoptera","Holometabola","Diptera","Nematocera","Culicomorpha",,"Chironomidae","Tanypodinae","Pentaneurini",,"Thienemannimyia","gr.",,"larva",2,,3,36,8,"N","N",,"condition OK","Y",,"Epler 2001","N","EcoAnalysts Inc.","W. Hoiland","3of this taxon from this sample in Ref. Coll.",,"legacyData"
"b35a0b0f-9039-49b3-97d1-c973d0daa788","D05","CRAM","CRAM.AOS.riparian.point.07","2016-09-22T15:41Z","2017-04-03","CRAM.20160922.ROOTEDSWEEP.7",,,"CHISP6","Y","Chironomini sp.",,"tribe","Arthropoda","Hexapoda","Insecta","Pterygota","Neoptera","Holometabola","Diptera","Nematocera","Culicomorpha",,"Chironomidae","Chironominae","Chironomini",,,"sp.",,"larva",1,,1,34,3,"N","N",,"condition OK","Y",,"Epler 2001","N","EcoAnalysts Inc.","W. Hoiland","Immature; Not Distinct",,"legacyData"
"5babdd03-4ae7-47f0-95ad-55a5b8a708b7","D05","CRAM","CRAM.AOS.riparian.point.03","2016-09-22T15:41Z","2017-03-31","CRAM.20160922.ROOTEDSWEEP.3",,,"TANSP11","Y","Tanytarsus sp.",,"genus","Arthropoda","Hexapoda","Insecta","Pterygota","Neoptera","Holometabola","Diptera","Nematocera","Culicomorpha",,"Chironomidae","Chironominae","Tanytarsini",,"Tanytarsus","sp.",,"larva",2,,11,53,21,"N","N",,"condition OK","Y",,"Epler 2001","N","EcoAnalysts Inc.","W. Hoiland",,,"legacyData"
"658f6ee2-2aff-4fbc-adeb-b6f444709a60","D05","CRAM","CRAM.AOS.riparian.point.05","2016-09-22T15:41Z","2017-03-31","CRAM.20160922.ROOTEDSWEEP.5",,,"ABLSP","Y","Ablabesmyia sp.",,"genus","Arthropoda","Hexapoda","Insecta","Pterygota","Neoptera","Holometabola","Diptera","Nematocera","Culicomorpha",,"Chironomidae","Tanypodinae","Pentaneurini",,"Ablabesmyia","sp.",,"larva",2,,50,37,136,"N","N",,"condition OK","Y",,"Roback 1985 and Epler 2001","N","EcoAnalysts Inc.","W. Hoiland",,,"legacyData"
"fe148a94-8ac2-456d-91ae-cde4eb3a754f","D05","CRAM","CRAM.AOS.littoral1","2016-09-22T15:41Z","2017-03-27","CRAM.20160922.PONAR.2",,,"PSESP19","Y","Psectrocladius sp.",,"genus","Arthropoda","Hexapoda","Insecta","Pterygota","Neoptera","Holometabola","Diptera","Nematocera","Culicomorpha",,"Chironomidae","Orthocladiinae",,,"Psectrocladius","sp.",,"larva",1,,2,20,10,"N","N",,"condition OK","Y",,"Epler 2001","N","EcoAnalysts Inc.","W. Hoiland",,,"legacyData"
"9dc02f4f-3f6b-4b95-a327-f9ec19eaa302","D05","CRAM","CRAM.AOS.riparian.point.07","2016-09-22T15:41Z","2017-04-11","CRAM.20160922.ROOTEDSWEEP.7",,,"ORISP1","Y","Oribatida sp.",,"suborder","Arthropoda","Chelicerata","Arachnida","Acari",,"Acariformes","Sarcoptiformes","Oribatida",,,,,,,,"sp.",,"larva",1,,7,34,21,"Y","N",,"condition OK","Y",,"Thorp and Covich 2001","N","EcoAnalysts Inc.","B. Sloniker",,,"legacyData"
"2d5a49db-b463-4478-849f-17f5fdb26c0f","D05","CRAM","CRAM.AOS.riparian.point.01","2016-09-22T15:41Z","2017-04-10","CRAM.20160922.ROOTEDSWEEP.1",,,"POLSP12","Y","Polycentropus sp.",,"genus","Arthropoda","Hexapoda","Insecta","Pterygota","Neoptera","Holometabola","Trichoptera",,,"Hydropsychoidea","Polycentropodidae","Polycentropodinae",,,"Polycentropus","sp.",,"larva",4,,2,36,6,"N","N",,"condition OK","Y",,"Wiggins 1996","N","EcoAnalysts Inc.","B. Sloniker","1of this taxon from this sample in Ref. Coll.",,"legacyData"
"9b769c74-059b-43d8-be10-f4626d3d2474","D05","CRAM","CRAM.AOS.riparian.point.09","2016-09-22T15:41Z","2017-04-03","CRAM.20160922.ROOTEDSWEEP.9",,,"LABSP","Y","Labrundinia sp.",,"genus","Arthropoda","Hexapoda","Insecta","Pterygota","Neoptera","Holometabola","Diptera","Nematocera","Culicomorpha",,"Chironomidae","Tanypodinae","Pentaneurini",,"Labrundinia","sp.",,"larva",2,,3,75,4,"Y","N",,"condition OK","Y",,"Epler 2001","N","EcoAnalysts Inc.","W. Hoiland",,,"legacyData"
"dc832517-1f43-4f25-b655-d2c01af78e7c","D05","CRAM","CRAM.AOS.riparian.point.07","2016-09-22T15:41Z","2017-04-03","CRAM.20160922.ROOTEDSWEEP.7",,,"CORSP19","Y","Corynoneura sp.",,"genus","Arthropoda","Hexapoda","Insecta","Pterygota","Neoptera","Holometabola","Diptera","Nematocera","Culicomorpha",,"Chironomidae","Orthocladiinae",,,"Corynoneura","sp.",,"larva",2,,1,34,3,"Y","N",,"condition OK","N",,"Epler 2001","N","EcoAnalysts Inc.","W. Hoiland",,,"legacyData"
"1055ea03-2ad1-4293-b22f-b208a6a1008f","D05","CRAM","CRAM.AOS.littoral1","2016-09-22T15:41Z","2017-03-27","CRAM.20160922.PONAR.2",,,"MICPED","Y","Microtendipes pedellus gr.",,"speciesGroup","Arthropoda","Hexapoda","Insecta","Pterygota","Neoptera","Holometabola","Diptera","Nematocera","Culicomorpha",,"Chironomidae","Chironominae","Chironomini",,"Microtendipes","pedellus gr.",,"larva",2,,1,20,5,"N","N",,"condition OK","Y",,"Epler 2001","N","EcoAnalysts Inc.","W. Hoiland","Fragment; Measurement is of fragment only",,"legacyData"
"7ae5f9c0-f055-4811-bcbc-1e7b6c53e7f1","D05","CRAM","CRAM.AOS.littoral1","2016-09-22T15:41Z","2017-04-10","CRAM.20160922.PONAR.2",,,"BEZSP1","Y","Bezzia/Palpomyia sp.",,"speciesGroup","Arthropoda","Hexapoda","Insecta","Pterygota","Neoptera","Holometabola","Diptera","Nematocera","Culicomorpha",,"Ceratopogonidae","Ceratopogoninae","Palpomyiini",,"Bezzia/Palpomyia","sp.",,"larva",8,,1,20,5,"N","N",,"condition OK","Y",,"Merritt et al. 2008","N","EcoAnalysts Inc.","B. Sloniker",,,"legacyData"
"845fe5cb-681b-4256-9f7a-288c07bc3a02","D05","CRAM","CRAM.AOS.riparian.point.07","2016-09-22T15:41Z","2017-04-11","CRAM.20160922.ROOTEDSWEEP.7",,,"OXYSP","Y","Oxyethira sp.",,"genus","Arthropoda","Hexapoda","Insecta","Pterygota","Neoptera","Holometabola","Trichoptera",,,"Hydroptiloidea","Hydroptilidae","Hydroptilinae","Hydroptilini",,"Oxyethira","sp.",,"larva",4,,1,34,3,"N","N",,"condition OK","Y",,"Wiggins 1996","N","EcoAnalysts Inc.","B. Sloniker",,,"legacyData"
"c4b5bde1-b22f-47fd-b61a-d58cef7d4448","D05","CRAM","CRAM.AOS.littoral1","2016-09-22T15:41Z","2017-03-27","CRAM.20160922.PONAR.2",,"CRAM.20160922.PONAR.2.ABLABESMYIA SP.","ABLSP","Y","Ablabesmyia sp.","Ablabesmyia (Karelia) sp.","genus","Arthropoda","Hexapoda","Insecta","Pterygota","Neoptera","Holometabola","Diptera","Nematocera","Culicomorpha",,"Chironomidae","Tanypodinae","Pentaneurini",,"Ablabesmyia","sp.",,"larva",5,,1,20,5,"N","N",,"condition OK","Y",,"Epler 2001","N","EcoAnalysts Inc.","W. Hoiland","2of this taxon from this sample in Ref. Coll.",,"legacyData"
"0d8ddda4-9be8-444a-b54c-58f461d79fec","D05","CRAM","CRAM.AOS.littoral2","2016-09-22T15:41Z","2017-04-17","CRAM.20160922.PONAR.1",,,"PISSP4","Y","Pisidium sp.",,"genus","Mollusca",,"Bivalvia","Heterodonta",,,"Veneroida",,,"Corbiculoidea","Pisidiidae",,,,"Pisidium","sp.",,"none",2,,1,42,2,"N","N",,"condition OK","Y",,"Thorp and Covich 2001","Y","EcoAnalysts Inc.","B. Sloniker","Immature",,"legacyData"
"3a40e5d6-8eed-4d07-b4f1-e11ebcfe64cd","D05","CRAM","CRAM.AOS.buoy.c0","2016-09-22T15:41Z","2017-03-29","CRAM.20160922.PONAR.3",,,"PARSP34","Y","Paratanytarsus sp.",,"genus","Arthropoda","Hexapoda","Insecta","Pterygota","Neoptera","Holometabola","Diptera","Nematocera","Culicomorpha",,"Chironomidae","Chironominae","Tanytarsini",,"Paratanytarsus","sp.",,"larva",2,,4,100,4,"Y","N",,"condition OK","Y",,"Epler 2001","N","EcoAnalysts Inc.","W. Hoiland",,,"legacyData"
"e3b3c7e0-b825-4fe8-805f-397ac06614de","D05","CRAM","CRAM.AOS.riparian.point.05","2016-09-22T15:41Z","2017-04-11","CRAM.20160922.ROOTEDSWEEP.5",,,"POLSP12","Y","Polycentropus sp.",,"genus","Arthropoda","Hexapoda","Insecta","Pterygota","Neoptera","Holometabola","Trichoptera",,,"Hydropsychoidea","Polycentropodidae","Polycentropodinae",,,"Polycentropus","sp.",,"larva",3,,2,37,5,"Y","N",,"condition OK","N",,"Wiggins 1996","N","EcoAnalysts Inc.","B. Sloniker",,,"legacyData"
"ae166e42-4902-452f-afc3-5a2988292bf6","D05","CRAM","CRAM.AOS.littoral2","2016-09-22T15:41Z","2017-03-24","CRAM.20160922.PONAR.1",,"CRAM.20160922.PONAR.1.PSEUDOCHIRONOMUS SP.","PSESP18","Y","Pseudochironomus sp.",,"genus","Arthropoda","Hexapoda","Insecta","Pterygota","Neoptera","Holometabola","Diptera","Nematocera","Culicomorpha",,"Chironomidae","Chironominae","Pseudochironomini",,"Pseudochironomus","sp.",,"larva",2,,4,42,10,"Y","N",,"condition OK","N",,"Epler 2001","Y","EcoAnalysts Inc.","W. Hoiland","2of this taxon from this sample in Ref. Coll.",,"legacyData"
"076ff31c-2263-486a-9a17-f2a1e3c0ba13","D05","CRAM","CRAM.AOS.riparian.point.01","2016-09-22T15:41Z","2017-03-30","CRAM.20160922.ROOTEDSWEEP.1",,"CRAM.20160922.ROOTEDSWEEP.1.GLYPTOTENDIPES SP.","GLYSP3","Y","Glyptotendipes sp.",,"genus","Arthropoda","Hexapoda","Insecta","Pterygota","Neoptera","Holometabola","Diptera","Nematocera","Culicomorpha",,"Chironomidae","Chironominae","Chironomini",,"Glyptotendipes","sp.",,"larva",7,,1,36,3,"N","N",,"condition OK","Y",,"Epler 2001","N","EcoAnalysts Inc.","W. Hoiland","2of this taxon from this sample in Ref. Coll.",,"legacyData"
"2ef23c44-d68a-4523-af99-72ca2f33f7ef","D05","CRAM","CRAM.AOS.riparian.point.03","2016-09-22T15:41Z","2017-03-31","CRAM.20160922.ROOTEDSWEEP.3",,"CRAM.20160922.ROOTEDSWEEP.3.DICROTENDIPES SP.","DICSP7","Y","Dicrotendipes sp.",,"genus","Arthropoda","Hexapoda","Insecta","Pterygota","Neoptera","Holometabola","Diptera","Nematocera","Culicomorpha",,"Chironomidae","Chironominae","Chironomini",,"Dicrotendipes","sp.",,"larva",1,,2,53,4,"N","N",,"condition OK","Y",,"Epler 1987, 1988, 2001","N","EcoAnalysts Inc.","W. Hoiland","Immature; Not Distinct",,"legacyData"
"3beb8618-953f-4fe1-935f-7776ca7d93c0","D05","CRAM","CRAM.AOS.buoy.c0","2016-09-22T15:41Z","2017-04-04","CRAM.20160922.PONAR.3",,,"ABLSP","Y","Ablabesmyia sp.",,"genus","Arthropoda","Hexapoda","Insecta","Pterygota","Neoptera","Holometabola","Diptera","Nematocera","Culicomorpha",,"Chironomidae","Tanypodinae","Pentaneurini",,"Ablabesmyia","sp.",,"larva",2,,1,100,1,"Y","N",,"condition OK","Y",,"Roback 1985 and Epler 2001","N","EcoAnalysts Inc.","W. Hoiland",,,"legacyData"
"dcab0e2a-15ad-484c-b238-77e96bdfb0d2","D05","CRAM","CRAM.AOS.riparian.point.07","2016-09-22T15:41Z","2017-03-17","CRAM.20160922.ROOTEDSWEEP.7",,"CRAM.20160922.ROOTEDSWEEP.7_OLIGOCHAETE_2/2|CRAM.20160922.ROOTEDSWEEP.7_OLIGOCHAETE_1/2","STYLAC","Y","Stylaria lacustris",,"species","Annelida","Clitellata","Oligochaeta","Oligochaeta",,,"Tubificida",,,,"Naididae","Naidinae",,,"Stylaria","lacustris",,"none",3,,4,34,12,"N","N",,"condition OK","Y",,"Kathman and Brinkhurst 1998","N","EcoAnalysts Inc.","L. Flaherty","Fragment; Measurement is of fragment only",,"legacyData"
"c9e47643-0689-4471-a0c1-d68b3818dfb3","D05","CRAM","CRAM.AOS.littoral1","2016-09-22T15:41Z","2017-04-06","CRAM.20160922.PONAR.2",,,"LARSP","Y","Larsia sp.",,"genus","Arthropoda","Hexapoda","Insecta","Pterygota","Neoptera","Holometabola","Diptera","Nematocera","Culicomorpha",,"Chironomidae","Tanypodinae","Pentaneurini",,"Larsia","sp.",,"larva",1,,5,20,25,"N","N",,"condition OK","Y",,"Epler 2001","N","EcoAnalysts Inc.","W. Hoiland",,,"legacyData"
"ff69eea3-1e7a-465a-8332-276faaca296d","D05","CRAM","CRAM.AOS.riparian.point.07","2016-09-22T15:41Z","2017-03-17","CRAM.20160922.ROOTEDSWEEP.7",,"CRAM.20160922.ROOTEDSWEEP.7_OLIGOCHAETE_2/2|CRAM.20160922.ROOTEDSWEEP.7_OLIGOCHAETE_1/2","STYLAC","Y","Stylaria lacustris",,"species","Annelida","Clitellata","Oligochaeta","Oligochaeta",,,"Tubificida",,,,"Naididae","Naidinae",,,"Stylaria","lacustris",,"none",4,,2,34,6,"N","N",,"condition OK","Y",,"Kathman and Brinkhurst 1998","N","EcoAnalysts Inc.","L. Flaherty","Fragment; Measurement is of fragment only",,"legacyData"
"3bbf9ed9-691d-4864-b947-e7d82b5d9b38","D05","CRAM","CRAM.AOS.riparian.point.09","2016-09-22T15:41Z","2017-04-11","CRAM.20160922.ROOTEDSWEEP.9",,,"BEZSP1","Y","Bezzia/Palpomyia sp.",,"speciesGroup","Arthropoda","Hexapoda","Insecta","Pterygota","Neoptera","Holometabola","Diptera","Nematocera","Culicomorpha",,"Ceratopogonidae","Ceratopogoninae","Palpomyiini",,"Bezzia/Palpomyia","sp.",,"larva",4,"4a",1,75,1,"N","N",,"condition OK","Y",,"Merritt et al. 2008","N","EcoAnalysts Inc.","B. Sloniker",,,"legacyData"
"b1a5377e-842b-4a87-98a3-e06ca6042c2b","D05","CRAM","CRAM.AOS.riparian.point.03","2016-09-22T15:41Z","2017-03-31","CRAM.20160922.ROOTEDSWEEP.3",,"CRAM.20160922.ROOTEDSWEEP.3.XENOCHIRONOMUSENOLABIS","XENXEN","Y","Xenochironomus xenolabis",,"species","Arthropoda","Hexapoda","Insecta","Pterygota","Neoptera","Holometabola","Diptera","Nematocera","Culicomorpha",,"Chironomidae","Chironominae","Chironomini",,"Xenochironomus","xenolabis",,"larva",3,,1,53,2,"N","N",,"condition OK","Y",,"Epler 2001","N","EcoAnalysts Inc.","W. Hoiland","1of this taxon from this sample in Ref. Coll.",,"legacyData"
"28adb9cd-30ab-4adc-abba-57aeeb4149d7","D05","CRAM","CRAM.AOS.littoral1","2016-09-22T15:41Z","2017-03-27","CRAM.20160922.PONAR.2",,,"PARSP34","Y","Paratanytarsus sp.",,"genus","Arthropoda","Hexapoda","Insecta","Pterygota","Neoptera","Holometabola","Diptera","Nematocera","Culicomorpha",,"Chironomidae","Chironominae","Tanytarsini",,"Paratanytarsus","sp.",,"larva",1,,4,20,20,"N","N",,"condition OK","Y",,"Epler 2001","N","EcoAnalysts Inc.","W. Hoiland",,,"legacyData"
"9fe0a74b-bd98-40cd-95e8-24142a46fe5f","D05","CRAM","CRAM.AOS.riparian.point.09","2016-09-22T15:41Z","2017-03-17","CRAM.20160922.ROOTEDSWEEP.9",,"CRAM.20160922.ROOTEDSWEEP.9.OLIGOCHAETE_1/1","NAISP1","Y","Nais sp.",,"genus","Annelida","Clitellata","Oligochaeta","Oligochaeta",,,"Tubificida",,,,"Naididae","Naidinae",,,"Nais","sp.",,"none",1,,1,75,1,"N","N",,"condition OK","Y",,"Kathman and Brinkhurst 1998","N","EcoAnalysts Inc.","L. Flaherty",,,"legacyData"
"bd163996-8b3b-47ee-8a03-f04677b93e72","D05","CRAM","CRAM.AOS.littoral1","2016-09-22T15:41Z","2017-03-17","CRAM.20160922.PONAR.2",,"CRAM.20160922.PONAR.2_OLIGOCHAETE_1/1","NAISP1","Y","Nais sp.",,"genus","Annelida","Clitellata","Oligochaeta","Oligochaeta",,,"Tubificida",,,,"Naididae","Naidinae",,,"Nais","sp.",,"none",1,,1,20,5,"N","N",,"condition OK","Y",,"Kathman and Brinkhurst 1998","N","EcoAnalysts Inc.","L. Flaherty","Fragment; Measurement is of fragment only",,"legacyData"
"479bc98c-30d6-4be4-959b-1dd9e43a6243","D05","CRAM","CRAM.AOS.littoral1","2016-09-22T15:41Z","2017-03-27","CRAM.20160922.PONAR.2",,,"MICPED","Y","Microtendipes pedellus gr.",,"speciesGroup","Arthropoda","Hexapoda","Insecta","Pterygota","Neoptera","Holometabola","Diptera","Nematocera","Culicomorpha",,"Chironomidae","Chironominae","Chironomini",,"Microtendipes","pedellus gr.",,"larva",1,,2,20,10,"N","N",,"condition OK","Y",,"Epler 2001","N","EcoAnalysts Inc.","W. Hoiland",,,"legacyData"
"b2f88bd8-e10c-4378-bf02-6cafce1dea18","D05","CRAM","CRAM.AOS.riparian.point.05","2016-09-22T15:41Z","2017-03-31","CRAM.20160922.ROOTEDSWEEP.5",,"CRAM.20160922.ROOTEDSWEEP.5.PSECTROCLADIUS SP.","PSESP19","Y","Psectrocladius sp.",,"genus","Arthropoda","Hexapoda","Insecta","Pterygota","Neoptera","Holometabola","Diptera","Nematocera","Culicomorpha",,"Chironomidae","Orthocladiinae",,,"Psectrocladius","sp.",,"pupa",4,,1,37,3,"N","N",,"condition OK","Y",,"Epler 2001","N","EcoAnalysts Inc.","W. Hoiland","1of this taxon from this sample in Ref. Coll.",,"legacyData"
"8def0647-eded-499e-88a9-da1455cb9c32","D05","CRAM","CRAM.AOS.riparian.point.03","2016-09-22T15:41Z","2017-04-10","CRAM.20160922.ROOTEDSWEEP.3",,,"UNISP4","Y","Unionicola sp.",,"genus","Arthropoda","Chelicerata","Arachnida","Acari",,"Acariformes","Trombidiformes","Prostigmata",,"Hygrobatoidea","Unionicolidae",,,,"Unionicola","sp.",,"larva",1,,1,53,2,"N","N",,"condition OK","Y",,"Thorp and Covich 2001","N","EcoAnalysts Inc.","B. Sloniker",,,"legacyData"
"92d23a66-5f91-4d5f-97b8-ce2692b54efc","D05","CRAM","CRAM.AOS.riparian.point.07","2016-09-22T15:41Z","2017-04-03","CRAM.20160922.ROOTEDSWEEP.7",,,"THIGRO","Y","Thienemannimyia gr.",,"speciesGroup","Arthropoda","Hexapoda","Insecta","Pterygota","Neoptera","Holometabola","Diptera","Nematocera","Culicomorpha",,"Chironomidae","Tanypodinae","Pentaneurini",,"Thienemannimyia","gr.",,"larva",1,,2,34,6,"N","N",,"condition OK","Y",,"Epler 2001","N","EcoAnalysts Inc.","W. Hoiland",,,"legacyData"
"9f7e9176-7f16-4df4-beaf-0bf2f41f093c","D05","CRAM","CRAM.AOS.riparian.point.01","2016-09-22T15:41Z","2017-03-30","CRAM.20160922.ROOTEDSWEEP.1",,,"TANSP11","Y","Tanytarsus sp.",,"genus","Arthropoda","Hexapoda","Insecta","Pterygota","Neoptera","Holometabola","Diptera","Nematocera","Culicomorpha",,"Chironomidae","Chironominae","Tanytarsini",,"Tanytarsus","sp.",,"larva",1,,12,36,33,"Y","N",,"condition OK","Y",,"Epler 2001","N","EcoAnalysts Inc.","W. Hoiland",,,"legacyData"
"40cf5ec6-acb6-4058-b0b8-8731fb72c202","D05","CRAM","CRAM.AOS.riparian.point.05","2016-09-22T15:41Z","2017-04-11","CRAM.20160922.ROOTEDSWEEP.5",,,"BEZSP1","Y","Bezzia/Palpomyia sp.",,"speciesGroup","Arthropoda","Hexapoda","Insecta","Pterygota","Neoptera","Holometabola","Diptera","Nematocera","Culicomorpha",,"Ceratopogonidae","Ceratopogoninae","Palpomyiini",,"Bezzia/Palpomyia","sp.",,"larva",3,,1,37,3,"N","N",,"condition OK","Y",,"Merritt et al. 2008","N","EcoAnalysts Inc.","B. Sloniker",,,"legacyData"
"35b4db92-38d0-41b9-b085-61e733b9cb5f","D05","CRAM","CRAM.AOS.littoral1","2016-09-22T15:41Z","2017-03-27","CRAM.20160922.PONAR.2",,"CRAM.20160922.PONAR.2.CRYPTOCHIRONOMUS SP.","CRYSP2","Y","Cryptochironomus sp.",,"genus","Arthropoda","Hexapoda","Insecta","Pterygota","Neoptera","Holometabola","Diptera","Nematocera","Culicomorpha",,"Chironomidae","Chironominae","Chironomini",,"Cryptochironomus","sp.",,"larva",2,,1,20,5,"N","N",,"condition OK","Y",,"Epler 2001","N","EcoAnalysts Inc.","W. Hoiland","3of this taxon from this sample in Ref. Coll.",,"legacyData"
"856a9e71-9547-449a-9084-85273f9a905a","D05","CRAM","CRAM.AOS.littoral1","2016-09-22T15:41Z","2017-03-27","CRAM.20160922.PONAR.2",,,"CLASP6","Y","Cladotanytarsus sp.",,"genus","Arthropoda","Hexapoda","Insecta","Pterygota","Neoptera","Holometabola","Diptera","Nematocera","Culicomorpha",,"Chironomidae","Chironominae","Tanytarsini",,"Cladotanytarsus","sp.",,"larva",3,,2,20,10,"N","N",,"condition OK","Y",,"Epler 2001","N","EcoAnalysts Inc.","W. Hoiland",,,"legacyData"
"3a6570a4-04ea-46e0-bd66-43fa4a6b7b83","D05","CRAM","CRAM.AOS.riparian.point.05","2016-09-22T15:41Z","2017-03-31","CRAM.20160922.ROOTEDSWEEP.5",,,"ABLSP","Y","Ablabesmyia sp.","Ablabesmyia (Karelia) sp.","genus","Arthropoda","Hexapoda","Insecta","Pterygota","Neoptera","Holometabola","Diptera","Nematocera","Culicomorpha",,"Chironomidae","Tanypodinae","Pentaneurini",,"Ablabesmyia","sp.",,"larva",3,,17,37,46,"N","N",,"condition OK","Y",,"Epler 2001","N","EcoAnalysts Inc.","W. Hoiland",,,"legacyData"
"9beacbc8-a331-44ca-bb3c-cbf12805cf43","D05","CRAM","CRAM.AOS.riparian.point.09","2016-09-22T15:41Z","2017-03-20","CRAM.20160922.ROOTEDSWEEP.9",,"CRAM.20160922.ROOTEDSWEEP.9.OLIGOCHAETE_1/1","PRISP1","Y","Pristina sp.",,"genus","Annelida","Clitellata","Oligochaeta","Oligochaeta",,,"Tubificida",,,,"Naididae","Pristininae",,,"Pristina","sp.",,"none",1,,1,75,1,"N","N",,"condition OK","Y",,"Kathman and Brinkhurst 1998","N","EcoAnalysts Inc.","L. Flaherty","Fragment; Measurement is of fragment only",,"legacyData"
"c8a7b16f-e936-45ac-9b4b-f611c4d945af","D05","CRAM","CRAM.AOS.riparian.point.09","2016-09-22T15:41Z","2017-04-03","CRAM.20160922.ROOTEDSWEEP.9",,,"DICSP7","Y","Dicrotendipes sp.",,"genus","Arthropoda","Hexapoda","Insecta","Pterygota","Neoptera","Holometabola","Diptera","Nematocera","Culicomorpha",,"Chironomidae","Chironominae","Chironomini",,"Dicrotendipes","sp.",,"larva",2,,19,75,25,"N","N",,"condition OK","Y",,"Epler 1987, 1988, 2001","N","EcoAnalysts Inc.","W. Hoiland","Immature; Not Distinct",,"legacyData"
"95c9ddc7-716f-4a3f-ba04-edb82661561e","D05","CRAM","CRAM.AOS.riparian.point.03","2016-09-22T15:41Z","2017-04-06","CRAM.20160922.ROOTEDSWEEP.3",,"CRAM.20160922.ROOTEDSWEEP.3.DICROTENDIPES FUMIDUS","DICFUM","Y","Dicrotendipes fumidus",,"species","Arthropoda","Hexapoda","Insecta","Pterygota","Neoptera","Holometabola","Diptera","Nematocera","Culicomorpha",,"Chironomidae","Chironominae","Chironomini",,"Dicrotendipes","fumidus",,"larva",3,,3,53,6,"N","N",,"condition OK","Y",,"Epler 2001","N","EcoAnalysts Inc.","W. Hoiland","3of this taxon from this sample in Ref. Coll.",,"legacyData"
"e9a99ff6-67ee-44f5-90d6-455ecfb0eab4","D05","CRAM","CRAM.AOS.riparian.point.07","2016-09-22T15:41Z","2017-04-17","CRAM.20160922.ROOTEDSWEEP.7",,,"GLYSP3","Y","Glyptotendipes sp.",,"genus","Arthropoda","Hexapoda","Insecta","Pterygota","Neoptera","Holometabola","Diptera","Nematocera","Culicomorpha",,"Chironomidae","Chironominae","Chironomini",,"Glyptotendipes","sp.",,"larva",7,,1,34,3,"N","N",,"condition OK","Y",,"Epler 2001","N","EcoAnalysts Inc.","W. Hoiland",,,"legacyData"
"9cbb9b48-fe34-4180-ae8a-32118d6081c5","D05","CRAM","CRAM.AOS.littoral2","2016-09-22T15:41Z","2017-03-24","CRAM.20160922.PONAR.1",,"CRAM.20160922.PONAR.1.PARATANYTARSUS SP.","PARSP34","Y","Paratanytarsus sp.",,"genus","Arthropoda","Hexapoda","Insecta","Pterygota","Neoptera","Holometabola","Diptera","Nematocera","Culicomorpha",,"Chironomidae","Chironominae","Tanytarsini",,"Paratanytarsus","sp.",,"larva",2,,2,42,5,"N","N",,"condition OK","Y",,"Epler 2001","Y","EcoAnalysts Inc.","W. Hoiland","3of this taxon from this sample in Ref. Coll.",,"legacyData"
"f6ec48f4-40cf-46be-bf45-c868ffb09cc6","D05","CRAM","CRAM.AOS.riparian.point.05","2016-09-22T15:41Z","2017-03-31","CRAM.20160922.ROOTEDSWEEP.5",,,"THIGRO","Y","Thienemannimyia gr.",,"speciesGroup","Arthropoda","Hexapoda","Insecta","Pterygota","Neoptera","Holometabola","Diptera","Nematocera","Culicomorpha",,"Chironomidae","Tanypodinae","Pentaneurini",,"Thienemannimyia","gr.",,"larva",4,,3,37,8,"N","N",,"condition OK","Y",,"Epler 2001","N","EcoAnalysts Inc.","W. Hoiland",,,"legacyData"
"e938ff49-b26c-4bc9-bca1-4df0d9a872e4","D05","CRAM","CRAM.AOS.riparian.point.07","2016-09-22T15:41Z","2017-04-03","CRAM.20160922.ROOTEDSWEEP.7",,,"CHISP8","Y","Chironomus sp.",,"genus","Arthropoda","Hexapoda","Insecta","Pterygota","Neoptera","Holometabola","Diptera","Nematocera","Culicomorpha",,"Chironomidae","Chironominae","Chironomini",,"Chironomus","sp.",,"larva",2,,1,34,3,"Y","N",,"condition OK","N",,"Epler 2001","N","EcoAnalysts Inc.","W. Hoiland",,,"legacyData"
"66b26049-01c5-49f4-b2a9-a1e490a10a1a","D05","CRAM","CRAM.AOS.riparian.point.01","2016-09-22T15:41Z","2017-03-30","CRAM.20160922.ROOTEDSWEEP.1",,,"PSESP19","Y","Psectrocladius sp.",,"genus","Arthropoda","Hexapoda","Insecta","Pterygota","Neoptera","Holometabola","Diptera","Nematocera","Culicomorpha",,"Chironomidae","Orthocladiinae",,,"Psectrocladius","sp.",,"larva",1,,10,36,28,"N","N",,"condition OK","Y",,"Epler 2001","N","EcoAnalysts Inc.","W. Hoiland",,,"legacyData"
"87e360e1-2404-4933-9912-c341491fe6a0","D05","CRAM","CRAM.AOS.riparian.point.05","2016-09-22T15:41Z","2017-04-11","CRAM.20160922.ROOTEDSWEEP.5",,,"ORISP1","Y","Oribatida sp.",,"suborder","Arthropoda","Chelicerata","Arachnida","Acari",,"Acariformes","Sarcoptiformes","Oribatida",,,,,,,,"sp.",,"larva",1,,3,37,8,"Y","N",,"condition OK","N",,"Thorp and Covich 2001","N","EcoAnalysts Inc.","B. Sloniker",,,"legacyData"
"105c0766-9fc8-4a26-aa3e-1fb7741a7fc7","D05","CRAM","CRAM.AOS.littoral1","2016-09-22T15:41Z","2017-04-10","CRAM.20160922.PONAR.2",,,"NEMSP","Y","Nematoda sp.",,"phylum","Nematoda",,,,,,,,,,,,,,,"sp.",,"none",3,"3b",1,20,5,"N","N",,"damaged, affecting measurement","Y",,"Thorp and Covich 2001","N","EcoAnalysts Inc.","B. Sloniker","Fragment; Measurement is of fragment only",,"legacyData"
"9642a5b6-bd31-44fd-bfb2-a4faec803614","D05","CRAM","CRAM.AOS.littoral1","2016-09-22T15:41Z","2017-03-27","CRAM.20160922.PONAR.2",,,"MICPED","Y","Microtendipes pedellus gr.",,"speciesGroup","Arthropoda","Hexapoda","Insecta","Pterygota","Neoptera","Holometabola","Diptera","Nematocera","Culicomorpha",,"Chironomidae","Chironominae","Chironomini",,"Microtendipes","pedellus gr.",,"larva",3,,1,20,5,"N","N",,"condition OK","Y",,"Epler 2001","N","EcoAnalysts Inc.","W. Hoiland",,,"legacyData"
"f1881d9f-89b8-4fae-a492-dfb23fab787a","D05","CRAM","CRAM.AOS.riparian.point.05","2016-09-22T15:41Z","2017-03-31","CRAM.20160922.ROOTEDSWEEP.5",,,"GLYSP3","Y","Glyptotendipes sp.",,"genus","Arthropoda","Hexapoda","Insecta","Pterygota","Neoptera","Holometabola","Diptera","Nematocera","Culicomorpha",,"Chironomidae","Chironominae","Chironomini",,"Glyptotendipes","sp.",,"larva",3,,2,37,5,"N","N",,"condition OK","Y",,"Epler 2001","N","EcoAnalysts Inc.","W. Hoiland",,,"legacyData"
"c004cb8e-e993-4cdc-b020-5a0c7cb338a3","D05","CRAM","CRAM.AOS.riparian.point.05","2016-09-22T15:41Z","2017-03-31","CRAM.20160922.ROOTEDSWEEP.5",,,"TANSP11","Y","Tanytarsus sp.",,"genus","Arthropoda","Hexapoda","Insecta","Pterygota","Neoptera","Holometabola","Diptera","Nematocera","Culicomorpha",,"Chironomidae","Chironominae","Tanytarsini",,"Tanytarsus","sp.",,"larva",1,,2,37,5,"N","N",,"condition OK","Y",,"Epler 2001","N","EcoAnalysts Inc.","W. Hoiland",,,"legacyData"
"e16d0407-83d4-4f57-a63d-f466dabe178f","D05","CRAM","CRAM.AOS.riparian.point.05","2016-09-22T15:41Z","2017-03-31","CRAM.20160922.ROOTEDSWEEP.5",,,"PARSP25","Y","Parakiefferiella sp.",,"genus","Arthropoda","Hexapoda","Insecta","Pterygota","Neoptera","Holometabola","Diptera","Nematocera","Culicomorpha",,"Chironomidae","Orthocladiinae",,,"Parakiefferiella","sp.",,"larva",1,,3,37,8,"N","N",,"condition OK","Y",,"Epler 2001","N","EcoAnalysts Inc.","W. Hoiland",,,"legacyData"
"e7e9eb28-c638-4d5b-ab7d-8081fe6bf519","D05","CRAM","CRAM.AOS.riparian.point.05","2016-09-22T15:41Z","2017-03-31","CRAM.20160922.ROOTEDSWEEP.5",,,"ABLSP","Y","Ablabesmyia sp.",,"genus","Arthropoda","Hexapoda","Insecta","Pterygota","Neoptera","Holometabola","Diptera","Nematocera","Culicomorpha",,"Chironomidae","Tanypodinae","Pentaneurini",,"Ablabesmyia","sp.",,"larva",2,,17,37,46,"Y","N",,"condition OK","N",,"Roback 1985 and Epler 2001","N","EcoAnalysts Inc.","W. Hoiland",,,"legacyData"
"a17d9eb7-e141-4a21-9371-faa8fda0b380","D05","CRAM","CRAM.AOS.riparian.point.01","2016-09-22T15:41Z","2017-04-10","CRAM.20160922.ROOTEDSWEEP.1",,,"BEZSP1","Y","Bezzia/Palpomyia sp.",,"speciesGroup","Arthropoda","Hexapoda","Insecta","Pterygota","Neoptera","Holometabola","Diptera","Nematocera","Culicomorpha",,"Ceratopogonidae","Ceratopogoninae","Palpomyiini",,"Bezzia/Palpomyia","sp.",,"larva",2,,1,36,3,"N","N",,"condition OK","Y",,"Merritt et al. 2008","N","EcoAnalysts Inc.","B. Sloniker",,,"legacyData"
"b63ac1b2-34a3-4591-b022-37edf7878e2b","D05","CRAM","CRAM.AOS.riparian.point.01","2016-09-22T15:41Z","2017-03-17","CRAM.20160922.ROOTEDSWEEP.1",,"CRAM.20160922.ROOTEDSWEEP.1_OLIGOCHAETE_1/1","NAISP1","Y","Nais sp.",,"genus","Annelida","Clitellata","Oligochaeta","Oligochaeta",,,"Tubificida",,,,"Naididae","Naidinae",,,"Nais","sp.",,"none",1,,1,36,3,"N","N",,"condition OK","Y",,"Kathman and Brinkhurst 1998","N","EcoAnalysts Inc.","L. Flaherty","Fragment; Measurement is of fragment only",,"legacyData"
"0fad0f13-f16e-4293-a57f-59ee9c8b4dc4","D05","CRAM","CRAM.AOS.riparian.point.05","2016-09-22T15:41Z","2017-03-31","CRAM.20160922.ROOTEDSWEEP.5",,,"CORSP19","Y","Corynoneura sp.",,"genus","Arthropoda","Hexapoda","Insecta","Pterygota","Neoptera","Holometabola","Diptera","Nematocera","Culicomorpha",,"Chironomidae","Orthocladiinae",,,"Corynoneura","sp.",,"larva",2,,1,37,3,"N","N",,"condition OK","Y",,"Epler 2001","N","EcoAnalysts Inc.","W. Hoiland",,,"legacyData"
"d2fb0639-f51f-4841-b548-976ec31a3668","D05","CRAM","CRAM.AOS.riparian.point.07","2016-09-22T15:41Z","2017-04-11","CRAM.20160922.ROOTEDSWEEP.7",,,"NEMSP","Y","Nematoda sp.",,"phylum","Nematoda",,,,,,,,,,,,,,,"sp.",,"none",2,,5,34,15,"N","N",,"condition OK","Y",,"Thorp and Covich 2001","N","EcoAnalysts Inc.","B. Sloniker",,,"legacyData"
"2e47bb2d-0c3c-47e4-bf9f-ffaa8c77c020","D05","CRAM","CRAM.AOS.littoral2","2016-09-22T15:41Z","2017-04-10","CRAM.20160922.PONAR.1",,,"BEZSP1","Y","Bezzia/Palpomyia sp.",,"speciesGroup","Arthropoda","Hexapoda","Insecta","Pterygota","Neoptera","Holometabola","Diptera","Nematocera","Culicomorpha",,"Ceratopogonidae","Ceratopogoninae","Palpomyiini",,"Bezzia/Palpomyia","sp.",,"larva",4,,5,42,12,"N","N",,"condition OK","Y",,"Merritt et al. 2008","Y","EcoAnalysts Inc.","B. Sloniker",,,"legacyData"
"abeb7ffa-b214-4bf3-a16f-787a23b178c0","D05","CRAM","CRAM.AOS.riparian.point.01","2016-09-22T15:41Z","2017-03-30","CRAM.20160922.ROOTEDSWEEP.1",,"CRAM.20160922.ROOTEDSWEEP.1.ABLABESMYIA SP.","ABLSP","Y","Ablabesmyia sp.",,"genus","Arthropoda","Hexapoda","Insecta","Pterygota","Neoptera","Holometabola","Diptera","Nematocera","Culicomorpha",,"Chironomidae","Tanypodinae","Pentaneurini",,"Ablabesmyia","sp.",,"larva",1,"1a",1,36,3,"N","N",,"condition OK","Y",,"Roback 1985 and Epler 2001","N","EcoAnalysts Inc.","W. Hoiland","4of this taxon from this sample in Ref. Coll.",,"legacyData"
"88a5f456-fba1-4d46-ba68-46142e41652d","D05","CRAM","CRAM.AOS.littoral1","2016-09-22T15:41Z","2017-03-27","CRAM.20160922.PONAR.2",,,"DICSP7","Y","Dicrotendipes sp.",,"genus","Arthropoda","Hexapoda","Insecta","Pterygota","Neoptera","Holometabola","Diptera","Nematocera","Culicomorpha",,"Chironomidae","Chironominae","Chironomini",,"Dicrotendipes","sp.",,"larva",1,,1,20,5,"N","N",,"condition OK","Y",,"Epler 1987, 1988, 2001","N","EcoAnalysts Inc.","W. Hoiland","Immature",,"legacyData"
"31db9f27-b4df-4495-941e-96eb52975b74","D05","CRAM","CRAM.AOS.riparian.point.01","2016-09-22T15:41Z","2017-04-10","CRAM.20160922.ROOTEDSWEEP.1",,,"CAESP5","Y","Caenis sp.",,"genus","Arthropoda","Hexapoda","Insecta","Pterygota","Palaeoptera",,"Ephemeroptera","Furcatergalia","Pannota","Caenoidea","Caenidae","Caeninae",,,"Caenis","sp.",,"larva",2,"2b",2,36,6,"N","N",,"damaged, affecting measurement","Y",,"Merritt et al. 2008","N","EcoAnalysts Inc.","B. Sloniker","Immature; Fragment; Measurement is of fragment only",,"legacyData"
"fce2637f-1955-40e6-93b7-1b41ad23cb58","D05","CRAM","CRAM.AOS.riparian.point.03","2016-09-22T15:41Z","2017-04-10","CRAM.20160922.ROOTEDSWEEP.3",,,"OECSP","Y","Oecetis sp.",,"genus","Arthropoda","Hexapoda","Insecta","Pterygota","Neoptera","Holometabola","Trichoptera",,,"Leptoceroidea","Leptoceridae","Leptocerinae","Oecetini",,"Oecetis","sp.",,"larva",1,,1,53,2,"N","N",,"condition OK","Y",,"Wiggins 1996","N","EcoAnalysts Inc.","B. Sloniker","Immature",,"legacyData"
"221c9f71-92b2-4853-bec2-a3d8af0a864f","D05","CRAM","CRAM.AOS.riparian.point.07","2016-09-22T15:41Z","2017-04-03","CRAM.20160922.ROOTEDSWEEP.7",,,"CRISP2","Y","Cricotopus sp.",,"genus","Arthropoda","Hexapoda","Insecta","Pterygota","Neoptera","Holometabola","Diptera","Nematocera","Culicomorpha",,"Chironomidae","Orthocladiinae",,,"Cricotopus","sp.",,"larva",2,,1,34,3,"N","N",,"condition OK","Y",,"Epler 2001","N","EcoAnalysts Inc.","W. Hoiland",,,"legacyData"
"20ef4ff2-cfb0-4258-97a4-f6e7bbcf5d71","D05","CRAM","CRAM.AOS.riparian.point.01","2016-09-22T15:41Z","2017-03-30","CRAM.20160922.ROOTEDSWEEP.1",,,"CHISP8","Y","Chironomus sp.",,"genus","Arthropoda","Hexapoda","Insecta","Pterygota","Neoptera","Holometabola","Diptera","Nematocera","Culicomorpha",,"Chironomidae","Chironominae","Chironomini",,"Chironomus","sp.",,"larva",1,"1b",1,36,3,"N","N",,"damaged, affecting measurement","Y",,"Epler 2001","N","EcoAnalysts Inc.","W. Hoiland","Fragment; Measurement is of fragment only",,"legacyData"
"8bd2c8f3-71ac-4d6a-a8a6-7aa981dd68a9","D05","CRAM","CRAM.AOS.littoral1","2016-09-22T15:41Z","2017-03-27","CRAM.20160922.PONAR.2",,,"PSESP19","Y","Psectrocladius sp.",,"genus","Arthropoda","Hexapoda","Insecta","Pterygota","Neoptera","Holometabola","Diptera","Nematocera","Culicomorpha",,"Chironomidae","Orthocladiinae",,,"Psectrocladius","sp.",,"larva",2,,10,20,50,"N","N",,"condition OK","Y",,"Epler 2001","N","EcoAnalysts Inc.","W. Hoiland",,,"legacyData"
"c8a3cdd4-bd2e-437a-b128-9baee54322eb","D05","CRAM","CRAM.AOS.riparian.point.01","2016-09-22T15:41Z","2017-03-30","CRAM.20160922.ROOTEDSWEEP.1",,,"DICSP7","Y","Dicrotendipes sp.",,"genus","Arthropoda","Hexapoda","Insecta","Pterygota","Neoptera","Holometabola","Diptera","Nematocera","Culicomorpha",,"Chironomidae","Chironominae","Chironomini",,"Dicrotendipes","sp.",,"larva",2,,18,36,50,"N","N",,"condition OK","Y",,"Epler 1987, 1988, 2001","N","EcoAnalysts Inc.","W. Hoiland",,,"legacyData"
"4cc738ca-5ef7-4e09-9f6c-93d0bc59fa1a","D05","CRAM","CRAM.AOS.littoral1","2016-09-22T15:41Z","2017-04-10","CRAM.20160922.PONAR.2",,,"BEZSP1","Y","Bezzia/Palpomyia sp.",,"speciesGroup","Arthropoda","Hexapoda","Insecta","Pterygota","Neoptera","Holometabola","Diptera","Nematocera","Culicomorpha",,"Ceratopogonidae","Ceratopogoninae","Palpomyiini",,"Bezzia/Palpomyia","sp.",,"larva",5,,9,20,45,"N","N",,"condition OK","Y",,"Merritt et al. 2008","N","EcoAnalysts Inc.","B. Sloniker",,,"legacyData"
"c90d0386-dcb2-47f4-98bd-a8a38aca8466","D05","CRAM","CRAM.AOS.riparian.point.05","2016-09-22T15:41Z","2017-04-11","CRAM.20160922.ROOTEDSWEEP.5",,,"OXYSP","Y","Oxyethira sp.",,"genus","Arthropoda","Hexapoda","Insecta","Pterygota","Neoptera","Holometabola","Trichoptera",,,"Hydroptiloidea","Hydroptilidae","Hydroptilinae","Hydroptilini",,"Oxyethira","sp.",,"larva",4,,1,37,3,"Y","N",,"condition OK","N",,"Wiggins 1996","N","EcoAnalysts Inc.","B. Sloniker",,,"legacyData"
"608dcdc5-842e-45d0-b464-82c82fab09d7","D05","CRAM","CRAM.AOS.riparian.point.01","2016-09-22T15:41Z","2017-03-30","CRAM.20160922.ROOTEDSWEEP.1",,,"CHISP8","Y","Chironomus sp.",,"genus","Arthropoda","Hexapoda","Insecta","Pterygota","Neoptera","Holometabola","Diptera","Nematocera","Culicomorpha",,"Chironomidae","Chironominae","Chironomini",,"Chironomus","sp.",,"larva",3,,3,36,8,"N","N",,"condition OK","Y",,"Epler 2001","N","EcoAnalysts Inc.","W. Hoiland",,,"legacyData"
"9dd5176d-1f4b-4562-a5f5-e77564b648c1","D05","CRAM","CRAM.AOS.riparian.point.07","2016-09-22T15:41Z","2017-04-03","CRAM.20160922.ROOTEDSWEEP.7",,,"LABSP","Y","Labrundinia sp.",,"genus","Arthropoda","Hexapoda","Insecta","Pterygota","Neoptera","Holometabola","Diptera","Nematocera","Culicomorpha",,"Chironomidae","Tanypodinae","Pentaneurini",,"Labrundinia","sp.",,"larva",2,,4,34,12,"N","N",,"condition OK","Y",,"Epler 2001","N","EcoAnalysts Inc.","W. Hoiland",,,"legacyData"
"5a1511db-1009-4a31-90f2-a857597f36eb","D05","CRAM","CRAM.AOS.littoral2","2016-09-22T15:41Z","2017-03-27","CRAM.20160922.PONAR.1",,"CRAM.20160922.PONAR.1.MICROTENDIPES PEDELLUS GR.","MICPED","Y","Microtendipes pedellus gr.",,"speciesGroup","Arthropoda","Hexapoda","Insecta","Pterygota","Neoptera","Holometabola","Diptera","Nematocera","Culicomorpha",,"Chironomidae","Chironominae","Chironomini",,"Microtendipes","pedellus gr.",,"larva",3,,1,42,2,"N","N",,"condition OK","Y",,"Epler 2001","Y","EcoAnalysts Inc.","W. Hoiland","3of this taxon from this sample in Ref. Coll.",,"legacyData"
"6455fa14-5660-4696-95fb-2ff6a077301e","D05","CRAM","CRAM.AOS.riparian.point.01","2016-09-22T15:41Z","2017-03-30","CRAM.20160922.ROOTEDSWEEP.1",,,"POLTRI2","Y","Polypedilum tritum",,"species","Arthropoda","Hexapoda","Insecta","Pterygota","Neoptera","Holometabola","Diptera","Nematocera","Culicomorpha",,"Chironomidae","Chironominae","Chironomini",,"Polypedilum","tritum",,"larva",2,,4,36,11,"N","N",,"condition OK","Y",,"Epler 2001, and Maschwitz and Cook 2000","N","EcoAnalysts Inc.","W. Hoiland",,,"legacyData"
"3ba08917-57f1-4155-a66b-5523956def8e","D05","CRAM","CRAM.AOS.littoral1","2016-09-22T15:41Z","2017-03-17","CRAM.20160922.PONAR.2",,"CRAM.20160922.PONAR.2_OLIGOCHAETE_1/1","ENCSP1","Y","Enchytraeidae sp.",,"family","Annelida","Clitellata","Oligochaeta","Oligochaeta",,,"Enchytraeida",,,,"Enchytraeidae",,,,,"sp.",,"none",3,,1,20,5,"Y","N",,"condition OK","Y",,"Kathman and Brinkhurst 1999","N","EcoAnalysts Inc.","L. Flaherty","Fragment; Measurement is of fragment only",,"legacyData"
"2c2b5b17-0b79-434d-8402-41890eb3965a","D05","CRAM","CRAM.AOS.riparian.point.03","2016-09-22T15:41Z","2017-04-10","CRAM.20160922.ROOTEDSWEEP.3",,,"ACASP1","Y","Acari sp.",,"subclass","Arthropoda","Chelicerata","Arachnida","Acari",,,,,,,,,,,,"sp.",,"larva",1,,2,53,4,"N","N",,"condition OK","Y",,"Thorp and Covich 2001","N","EcoAnalysts Inc.","B. Sloniker","Immature; Not Distinct",,"legacyData"
"39dd7039-1cfa-42de-b752-13bdae0a97d2","D05","CRAM","CRAM.AOS.littoral1","2016-09-22T15:41Z","2017-03-17","CRAM.20160922.PONAR.2",,"CRAM.20160922.PONAR.2_OLIGOCHAETE_1/1","ENCSP1","Y","Enchytraeidae sp.",,"family","Annelida","Clitellata","Oligochaeta","Oligochaeta",,,"Enchytraeida",,,,"Enchytraeidae",,,,,"sp.",,"none",4,,2,20,10,"N","N",,"condition OK","Y",,"Kathman and Brinkhurst 1999","N","EcoAnalysts Inc.","L. Flaherty",,,"legacyData"
